Time [S]	Voltage [V]	Current [A]	
#Sweep: 000
8.111E-1		0.000E+0		1.129E-11		
1.611E+0		5.000E-2		-1.183E-13		
1.811E+0		1.000E-1		4.772E-12		
2.211E+0		1.500E-1		1.364E-12		
2.611E+0		2.000E-1		1.289E-12		
3.011E+0		2.500E-1		1.375E-12		
3.411E+0		3.000E-1		1.375E-12		
3.811E+0		3.500E-1		1.604E-12		
4.211E+0		4.000E-1		1.924E-12		
4.611E+0		4.500E-1		2.122E-12		
5.011E+0		5.000E-1		2.373E-12		
5.411E+0		5.500E-1		2.696E-12		
5.811E+0		6.000E-1		2.999E-12		
6.211E+0		6.500E-1		3.449E-12		
6.611E+0		7.000E-1		3.823E-12		
7.011E+0		7.500E-1		4.277E-12		
7.411E+0		8.000E-1		4.760E-12		
7.811E+0		8.500E-1		5.597E-12		
8.211E+0		9.000E-1		6.398E-12		
8.611E+0		9.500E-1		7.344E-12		
9.011E+0		1.000E+0		8.149E-12		
9.411E+0		1.050E+0		9.152E-12		
9.811E+0		1.100E+0		1.008E-11		
1.021E+1		1.150E+0		1.130E-11		
1.061E+1		1.200E+0		1.287E-11		
1.101E+1		1.250E+0		1.460E-11		
1.141E+1		1.300E+0		1.628E-11		
1.181E+1		1.350E+0		1.777E-11		
1.221E+1		1.400E+0		1.939E-11		
1.261E+1		1.450E+0		2.108E-11		
1.301E+1		1.500E+0		2.253E-11		
1.341E+1		1.550E+0		2.521E-11		
1.381E+1		1.600E+0		2.722E-11		
1.421E+1		1.650E+0		3.007E-11		
1.461E+1		1.700E+0		3.282E-11		
1.501E+1		1.750E+0		3.539E-11		
1.541E+1		1.800E+0		3.860E-11		
1.581E+1		1.850E+0		4.197E-11		
1.621E+1		1.900E+0		4.466E-11		
1.661E+1		1.950E+0		4.834E-11		
1.701E+1		2.000E+0		5.265E-11		
1.741E+1		2.050E+0		5.622E-11		
1.781E+1		2.100E+0		6.013E-11		
1.821E+1		2.150E+0		6.517E-11		
1.861E+1		2.200E+0		7.056E-11		
1.901E+1		2.250E+0		7.625E-11		
1.941E+1		2.300E+0		8.258E-11		
1.981E+1		2.350E+0		8.886E-11		
2.021E+1		2.400E+0		9.597E-11		
2.121E+1		2.450E+0		1.047E-10		
2.141E+1		2.500E+0		1.146E-10		
2.181E+1		2.550E+0		1.216E-10		
2.221E+1		2.600E+0		1.317E-10		
2.261E+1		2.650E+0		1.434E-10		
2.301E+1		2.700E+0		1.553E-10		
2.341E+1		2.750E+0		1.690E-10		
2.381E+1		2.800E+0		1.835E-10		
2.421E+1		2.850E+0		1.991E-10		
2.461E+1		2.900E+0		2.171E-10		
2.501E+1		2.950E+0		2.390E-10		
2.541E+1		3.000E+0		2.616E-10		
2.581E+1		3.050E+0		2.913E-10		
2.621E+1		3.100E+0		3.263E-10		
2.661E+1		3.150E+0		3.693E-10		
2.701E+1		3.200E+0		4.104E-10		
#Sweep: 001
2.741E+1		3.200E+0		4.296E-10		
2.781E+1		3.150E+0		4.174E-10		
2.821E+1		3.100E+0		3.977E-10		
2.861E+1		3.050E+0		3.766E-10		
2.901E+1		3.000E+0		3.593E-10		
2.941E+1		2.950E+0		3.385E-10		
2.981E+1		2.900E+0		3.220E-10		
3.021E+1		2.850E+0		3.055E-10		
3.061E+1		2.800E+0		2.856E-10		
3.101E+1		2.750E+0		2.694E-10		
3.141E+1		2.700E+0		2.520E-10		
3.181E+1		2.650E+0		2.366E-10		
3.221E+1		2.600E+0		2.190E-10		
3.261E+1		2.550E+0		2.012E-10		
3.301E+1		2.500E+0		1.897E-10		
3.341E+1		2.450E+0		1.744E-10		
3.381E+1		2.400E+0		1.610E-10		
3.421E+1		2.350E+0		1.466E-10		
3.461E+1		2.300E+0		1.332E-10		
3.501E+1		2.250E+0		1.246E-10		
3.541E+1		2.200E+0		1.161E-10		
3.581E+1		2.150E+0		1.082E-10		
3.681E+1		2.100E+0		9.873E-11		
3.701E+1		2.050E+0		8.921E-11		
3.741E+1		2.000E+0		8.404E-11		
3.781E+1		1.950E+0		7.718E-11		
3.821E+1		1.900E+0		7.036E-11		
3.861E+1		1.850E+0		6.605E-11		
3.901E+1		1.800E+0		6.030E-11		
3.941E+1		1.750E+0		5.539E-11		
3.981E+1		1.700E+0		5.029E-11		
4.021E+1		1.650E+0		4.596E-11		
4.061E+1		1.600E+0		4.216E-11		
4.101E+1		1.550E+0		3.809E-11		
4.141E+1		1.500E+0		3.468E-11		
4.181E+1		1.450E+0		3.125E-11		
4.221E+1		1.400E+0		2.794E-11		
4.261E+1		1.350E+0		2.580E-11		
4.301E+1		1.300E+0		2.309E-11		
4.341E+1		1.250E+0		2.096E-11		
4.381E+1		1.200E+0		1.873E-11		
4.421E+1		1.150E+0		1.688E-11		
4.461E+1		1.100E+0		1.509E-11		
4.501E+1		1.050E+0		1.343E-11		
4.541E+1		1.000E+0		1.179E-11		
4.581E+1		9.500E-1		1.066E-11		
4.621E+1		9.000E-1		9.338E-12		
4.661E+1		8.500E-1		8.061E-12		
4.701E+1		8.000E-1		7.063E-12		
4.741E+1		7.500E-1		6.176E-12		
4.781E+1		7.000E-1		5.354E-12		
4.821E+1		6.500E-1		4.594E-12		
4.861E+1		6.000E-1		3.921E-12		
4.901E+1		5.500E-1		3.305E-12		
4.941E+1		5.000E-1		2.837E-12		
4.981E+1		4.500E-1		2.396E-12		
5.021E+1		4.000E-1		1.948E-12		
5.061E+1		3.500E-1		1.602E-12		
5.101E+1		3.000E-1		1.286E-12		
5.141E+1		2.500E-1		1.039E-12		
5.181E+1		2.000E-1		7.922E-13		
5.221E+1		1.500E-1		5.676E-13		
5.261E+1		1.000E-1		3.725E-13		
5.301E+1		5.000E-2		1.977E-13		
5.341E+1		0.000E+0		-7.191E-14		
5.381E+1		0.000E+0		1.162E-12		
5.421E+1		-5.000E-2		-3.153E-13		
5.461E+1		-1.000E-1		-7.153E-13		
5.501E+1		-1.500E-1		-1.058E-12		
5.541E+1		-2.000E-1		-1.361E-12		
5.581E+1		-2.500E-1		-1.736E-12		
5.621E+1		-3.000E-1		-1.895E-12		
5.661E+1		-3.500E-1		-2.228E-12		
5.701E+1		-4.000E-1		-2.225E-12		
5.741E+1		-4.500E-1		-2.638E-12		
5.781E+1		-5.000E-1		-2.846E-12		
5.821E+1		-5.500E-1		-3.332E-12		
5.861E+1		-6.000E-1		-3.766E-12		
5.901E+1		-6.500E-1		-4.414E-12		
5.941E+1		-7.000E-1		-5.241E-12		
5.981E+1		-7.500E-1		-5.826E-12		
6.021E+1		-8.000E-1		-6.791E-12		
6.061E+1		-8.500E-1		-7.598E-12		
6.101E+1		-9.000E-1		-9.291E-12		
6.141E+1		-9.500E-1		-1.057E-11		
6.181E+1		-1.000E+0		-1.195E-11		
6.221E+1		-1.050E+0		-1.346E-11		
6.261E+1		-1.100E+0		-1.505E-11		
6.301E+1		-1.150E+0		-1.700E-11		
6.341E+1		-1.200E+0		-1.941E-11		
6.381E+1		-1.250E+0		-2.242E-11		
6.421E+1		-1.300E+0		-2.442E-11		
6.461E+1		-1.350E+0		-2.686E-11		
6.501E+1		-1.400E+0		-2.929E-11		
6.541E+1		-1.450E+0		-3.220E-11		
6.581E+1		-1.500E+0		-3.592E-11		
6.621E+1		-1.550E+0		-3.824E-11		
6.661E+1		-1.600E+0		-4.141E-11		
6.701E+1		-1.650E+0		-4.557E-11		
6.741E+1		-1.700E+0		-4.948E-11		
6.781E+1		-1.750E+0		-5.429E-11		
6.821E+1		-1.800E+0		-5.846E-11		
6.861E+1		-1.850E+0		-6.346E-11		
6.901E+1		-1.900E+0		-7.066E-11		
6.941E+1		-1.950E+0		-7.634E-11		
6.981E+1		-2.000E+0		-8.474E-11		
7.021E+1		-2.050E+0		-9.401E-11		
7.121E+1		-2.100E+0		-9.781E-11		
7.141E+1		-2.150E+0		-1.077E-10		
7.181E+1		-2.200E+0		-1.135E-10		
7.221E+1		-2.250E+0		-1.280E-10		
7.261E+1		-2.300E+0		-1.422E-10		
7.301E+1		-2.350E+0		-1.631E-10		
7.341E+1		-2.400E+0		-1.719E-10		
7.381E+1		-2.450E+0		-1.890E-10		
7.421E+1		-2.500E+0		-2.086E-10		
7.461E+1		-2.550E+0		-2.332E-10		
7.501E+1		-2.600E+0		-2.628E-10		
7.541E+1		-2.650E+0		-2.967E-10		
7.581E+1		-2.700E+0		-3.313E-10		
7.621E+1		-2.750E+0		-3.758E-10		
7.665E+1		-2.800E+0		-4.229E-10		
7.701E+1		-2.850E+0		-4.781E-10		
7.741E+1		-2.900E+0		-4.288E-10		
7.781E+1		-2.950E+0		-4.794E-10		
7.821E+1		-3.000E+0		-7.190E-10		
7.876E+1		-3.050E+0		-1.103E-9		
7.901E+1		-3.100E+0		-1.196E-9		
7.941E+1		-3.150E+0		-1.579E-9		
7.981E+1		-3.200E+0		-2.280E-9		
#Sweep: 002
8.021E+1		-3.200E+0		-3.940E-9		
8.076E+1		-3.150E+0		-2.857E-8		
8.111E+1		-3.100E+0		-8.408E-8		
8.156E+1		-3.050E+0		-7.245E-8		
8.181E+1		-3.000E+0		-4.883E-8		
8.221E+1		-2.950E+0		-4.452E-8		
8.261E+1		-2.900E+0		-4.174E-8		
8.301E+1		-2.850E+0		-2.922E-8		
8.341E+1		-2.800E+0		-1.686E-8		
8.381E+1		-2.750E+0		-1.803E-8		
8.421E+1		-2.700E+0		-1.935E-8		
8.461E+1		-2.650E+0		-2.235E-8		
8.501E+1		-2.600E+0		-2.110E-8		
8.541E+1		-2.550E+0		-2.793E-8		
8.581E+1		-2.500E+0		-2.470E-8		
8.621E+1		-2.450E+0		-1.205E-8		
8.661E+1		-2.400E+0		-1.097E-8		
8.701E+1		-2.350E+0		-1.066E-8		
8.770E+1		-2.300E+0		-1.031E-8		
8.836E+1		-2.250E+0		-9.145E-9		
8.861E+1		-2.200E+0		-7.857E-9		
8.902E+1		-2.150E+0		-6.799E-9		
8.941E+1		-2.100E+0		-6.709E-9		
8.981E+1		-2.050E+0		-6.082E-9		
9.021E+1		-2.000E+0		-6.042E-9		
9.061E+1		-1.950E+0		-5.992E-9		
9.101E+1		-1.900E+0		-4.650E-9		
9.141E+1		-1.850E+0		-2.931E-9		
9.181E+1		-1.800E+0		-2.046E-9		
9.221E+1		-1.750E+0		-2.481E-9		
9.261E+1		-1.700E+0		-1.718E-9		
9.301E+1		-1.650E+0		-1.621E-9		
9.341E+1		-1.600E+0		-1.647E-9		
9.381E+1		-1.550E+0		-1.352E-9		
9.421E+1		-1.500E+0		-1.081E-9		
9.521E+1		-1.450E+0		-5.451E-10		
9.541E+1		-1.400E+0		-4.776E-10		
9.581E+1		-1.350E+0		-2.985E-10		
9.621E+1		-1.300E+0		-1.538E-10		
9.661E+1		-1.250E+0		-1.016E-10		
9.821E+1		-1.200E+0		-7.233E-11		
9.921E+1		-1.150E+0		-7.141E-11		
9.941E+1		-1.100E+0		-9.538E-11		
1.004E+2		-1.050E+0		-1.856E-10		
1.006E+2		-1.000E+0		-1.260E-10		
1.010E+2		-9.500E-1		-2.210E-10		
1.020E+2		-9.000E-1		-7.320E-11		
1.028E+2		-8.500E-1		-2.646E-11		
1.036E+2		-8.000E-1		-1.887E-11		
1.038E+2		-7.500E-1		-2.099E-11		
1.048E+2		-7.000E-1		-8.542E-11		
1.050E+2		-6.500E-1		-1.400E-10		
1.060E+2		-6.000E-1		-1.911E-11		
1.062E+2		-5.500E-1		-1.603E-11		
1.066E+2		-5.000E-1		-9.516E-12		
1.070E+2		-4.500E-1		-4.714E-12		
1.074E+2		-4.000E-1		-1.948E-12		
1.078E+2		-3.500E-1		-1.329E-12		
1.082E+2		-3.000E-1		-1.023E-12		
1.086E+2		-2.500E-1		-7.897E-13		
1.090E+2		-2.000E-1		-6.694E-13		
1.094E+2		-1.500E-1		-5.986E-13		
1.098E+2		-1.000E-1		-3.888E-13		
1.102E+2		-5.000E-2		-2.183E-13		
1.106E+2		0.000E+0		-2.068E-14		
1.110E+2		0.000E+0		-1.178E-12		
1.114E+2		5.000E-2		3.680E-13		
1.118E+2		1.000E-1		7.070E-13		
1.122E+2		1.500E-1		8.426E-13		
1.126E+2		2.000E-1		9.162E-13		
1.130E+2		2.500E-1		1.083E-12		
1.134E+2		3.000E-1		1.412E-12		
1.138E+2		3.500E-1		1.488E-12		
1.142E+2		4.000E-1		2.079E-12		
1.146E+2		4.500E-1		2.423E-12		
1.150E+2		5.000E-1		2.443E-12		
1.154E+2		5.500E-1		2.799E-12		
1.158E+2		6.000E-1		4.057E-12		
1.162E+2		6.500E-1		5.141E-12		
1.166E+2		7.000E-1		6.977E-12		
1.170E+2		7.500E-1		9.534E-12		
1.174E+2		8.000E-1		1.659E-11		
1.178E+2		8.500E-1		2.125E-11		
1.182E+2		9.000E-1		2.376E-11		
1.186E+2		9.500E-1		2.652E-11		
1.190E+2		1.000E+0		5.650E-11		
1.194E+2		1.050E+0		2.167E-11		
1.198E+2		1.100E+0		2.267E-11		
1.202E+2		1.150E+0		2.827E-11		
1.206E+2		1.200E+0		4.225E-11		
1.210E+2		1.250E+0		5.571E-11		
1.214E+2		1.300E+0		6.498E-11		
1.224E+2		1.350E+0		1.515E-10		
1.226E+2		1.400E+0		1.088E-10		
1.230E+2		1.450E+0		1.451E-10		
1.234E+2		1.500E+0		1.959E-10		
1.244E+2		1.550E+0		5.073E-11		
1.246E+2		1.600E+0		6.549E-11		
1.250E+2		1.650E+0		7.372E-11		
1.254E+2		1.700E+0		8.882E-11		
1.258E+2		1.750E+0		6.505E-11		
1.262E+2		1.800E+0		6.238E-11		
1.266E+2		1.850E+0		7.688E-11		
1.270E+2		1.900E+0		9.525E-11		
1.274E+2		1.950E+0		9.778E-11		
1.284E+2		2.000E+0		1.025E-10		
1.286E+2		2.050E+0		1.096E-10		
1.290E+2		2.100E+0		1.105E-10		
1.294E+2		2.150E+0		1.122E-10		
1.298E+2		2.200E+0		1.129E-10		
1.302E+2		2.250E+0		1.225E-10		
1.306E+2		2.300E+0		1.295E-10		
1.310E+2		2.350E+0		1.345E-10		
1.314E+2		2.400E+0		1.441E-10		
1.318E+2		2.450E+0		1.575E-10		
1.322E+2		2.500E+0		1.809E-10		
1.326E+2		2.550E+0		1.831E-10		
1.330E+2		2.600E+0		2.016E-10		
1.334E+2		2.650E+0		2.394E-10		
1.338E+2		2.700E+0		2.490E-10		
1.342E+2		2.750E+0		4.164E-10		
1.346E+2		2.800E+0		7.171E-10		
1.352E+2		2.850E+0		1.131E-9		
1.360E+2		2.900E+0		8.442E-10		
1.362E+2		2.950E+0		8.798E-10		
1.366E+2		3.000E+0		8.810E-10		
1.370E+2		3.050E+0		9.981E-10		
1.376E+2		3.100E+0		1.038E-9		
1.378E+2		3.150E+0		1.103E-9		
1.382E+2		3.200E+0		2.661E-9		
#Sweep: 003
1.386E+2		3.200E+0		1.413E-9		
1.396E+2		3.150E+0		5.900E-10		
1.398E+2		3.100E+0		5.544E-10		
1.402E+2		3.050E+0		5.178E-10		
1.406E+2		3.000E+0		4.907E-10		
1.410E+2		2.950E+0		5.679E-10		
1.414E+2		2.900E+0		4.585E-10		
1.418E+2		2.850E+0		4.098E-10		
1.422E+2		2.800E+0		3.724E-10		
1.426E+2		2.750E+0		3.296E-10		
1.430E+2		2.700E+0		3.055E-10		
1.434E+2		2.650E+0		2.865E-10		
1.438E+2		2.600E+0		2.702E-10		
1.442E+2		2.550E+0		2.521E-10		
1.446E+2		2.500E+0		2.346E-10		
1.450E+2		2.450E+0		2.186E-10		
1.454E+2		2.400E+0		2.025E-10		
1.458E+2		2.350E+0		1.872E-10		
1.462E+2		2.300E+0		1.758E-10		
1.466E+2		2.250E+0		1.633E-10		
1.470E+2		2.200E+0		1.527E-10		
1.474E+2		2.150E+0		1.414E-10		
1.478E+2		2.100E+0		1.309E-10		
1.482E+2		2.050E+0		1.222E-10		
1.486E+2		2.000E+0		1.127E-10		
1.490E+2		1.950E+0		1.049E-10		
1.500E+2		1.900E+0		9.471E-11		
1.502E+2		1.850E+0		8.523E-11		
1.506E+2		1.800E+0		7.860E-11		
1.510E+2		1.750E+0		7.100E-11		
1.514E+2		1.700E+0		6.496E-11		
1.518E+2		1.650E+0		5.974E-11		
1.522E+2		1.600E+0		5.502E-11		
1.526E+2		1.550E+0		4.983E-11		
1.530E+2		1.500E+0		4.474E-11		
1.534E+2		1.450E+0		4.074E-11		
1.538E+2		1.400E+0		3.650E-11		
1.542E+2		1.350E+0		3.269E-11		
1.546E+2		1.300E+0		2.935E-11		
1.550E+2		1.250E+0		2.627E-11		
1.554E+2		1.200E+0		2.361E-11		
1.558E+2		1.150E+0		2.151E-11		
1.562E+2		1.100E+0		1.866E-11		
1.566E+2		1.050E+0		1.619E-11		
1.570E+2		1.000E+0		1.422E-11		
1.574E+2		9.500E-1		1.245E-11		
1.578E+2		9.000E-1		1.097E-11		
1.582E+2		8.500E-1		9.612E-12		
1.586E+2		8.000E-1		8.342E-12		
1.590E+2		7.500E-1		7.377E-12		
1.594E+2		7.000E-1		6.218E-12		
1.598E+2		6.500E-1		5.256E-12		
1.602E+2		6.000E-1		4.615E-12		
1.606E+2		5.500E-1		3.996E-12		
1.610E+2		5.000E-1		3.161E-12		
1.614E+2		4.500E-1		2.500E-12		
1.618E+2		4.000E-1		2.188E-12		
1.622E+2		3.500E-1		1.716E-12		
1.626E+2		3.000E-1		1.448E-12		
1.630E+2		2.500E-1		1.109E-12		
1.634E+2		2.000E-1		8.513E-13		
1.638E+2		1.500E-1		6.084E-13		
1.642E+2		1.000E-1		3.745E-13		
1.646E+2		5.000E-2		5.963E-14		
1.650E+2		0.000E+0		-1.979E-13		
1.654E+2		0.000E+0		1.083E-12		
1.658E+2		-5.000E-2		-4.730E-13		
1.662E+2		-1.000E-1		-7.754E-13		
1.666E+2		-1.500E-1		-8.386E-13		
1.670E+2		-2.000E-1		-1.290E-12		
1.674E+2		-2.500E-1		-1.557E-12		
1.678E+2		-3.000E-1		-1.720E-12		
1.682E+2		-3.500E-1		-2.160E-12		
1.686E+2		-4.000E-1		-2.458E-12		
1.690E+2		-4.500E-1		-2.822E-12		
1.694E+2		-5.000E-1		-3.207E-12		
1.698E+2		-5.500E-1		-3.666E-12		
1.702E+2		-6.000E-1		-4.058E-12		
1.706E+2		-6.500E-1		-4.573E-12		
1.710E+2		-7.000E-1		-5.578E-12		
1.714E+2		-7.500E-1		-6.239E-12		
1.718E+2		-8.000E-1		-7.133E-12		
1.722E+2		-8.500E-1		-8.082E-12		
1.726E+2		-9.000E-1		-9.494E-12		
1.730E+2		-9.500E-1		-1.118E-11		
1.734E+2		-1.000E+0		-1.273E-11		
1.738E+2		-1.050E+0		-1.441E-11		
1.742E+2		-1.100E+0		-1.620E-11		
1.746E+2		-1.150E+0		-1.855E-11		
1.750E+2		-1.200E+0		-2.093E-11		
1.754E+2		-1.250E+0		-2.338E-11		
1.758E+2		-1.300E+0		-2.648E-11		
1.762E+2		-1.350E+0		-2.967E-11		
1.766E+2		-1.400E+0		-3.184E-11		
1.770E+2		-1.450E+0		-3.539E-11		
1.774E+2		-1.500E+0		-3.944E-11		
1.778E+2		-1.550E+0		-4.419E-11		
1.782E+2		-1.600E+0		-4.814E-11		
1.786E+2		-1.650E+0		-5.310E-11		
1.790E+2		-1.700E+0		-5.745E-11		
1.794E+2		-1.750E+0		-6.375E-11		
1.798E+2		-1.800E+0		-7.103E-11		
1.802E+2		-1.850E+0		-7.605E-11		
1.806E+2		-1.900E+0		-8.487E-11		
1.810E+2		-1.950E+0		-9.243E-11		
1.820E+2		-2.000E+0		-1.040E-10		
1.822E+2		-2.050E+0		-1.154E-10		
1.826E+2		-2.100E+0		-1.252E-10		
1.830E+2		-2.150E+0		-1.380E-10		
1.834E+2		-2.200E+0		-1.563E-10		
1.838E+2		-2.250E+0		-1.774E-10		
1.842E+2		-2.300E+0		-1.981E-10		
1.846E+2		-2.350E+0		-2.191E-10		
1.850E+2		-2.400E+0		-2.411E-10		
1.854E+2		-2.450E+0		-2.726E-10		
1.858E+2		-2.500E+0		-3.125E-10		
1.862E+2		-2.550E+0		-3.530E-10		
1.866E+2		-2.600E+0		-3.963E-10		
1.870E+2		-2.650E+0		-4.451E-10		
1.874E+2		-2.700E+0		-5.110E-10		
1.878E+2		-2.750E+0		-5.797E-10		
1.882E+2		-2.800E+0		-6.842E-10		
1.886E+2		-2.850E+0		-7.818E-10		
1.890E+2		-2.900E+0		-8.976E-10		
1.896E+2		-2.950E+0		-1.036E-9		
1.898E+2		-3.000E+0		-1.149E-9		
1.902E+2		-3.050E+0		-1.440E-9		
1.906E+2		-3.100E+0		-1.800E-9		
1.910E+2		-3.150E+0		-3.730E-9		
1.914E+2		-3.200E+0		-3.283E-9		
#Sweep: 004
1.918E+2		-3.200E+0		-3.438E-9		
1.922E+2		-3.150E+0		-3.355E-9		
1.926E+2		-3.100E+0		-2.815E-9		
1.936E+2		-3.050E+0		-9.758E-10		
1.938E+2		-3.000E+0		-9.175E-10		
1.942E+2		-2.950E+0		-8.759E-10		
1.948E+2		-2.900E+0		-1.652E-9		
1.950E+2		-2.850E+0		-1.797E-9		
1.954E+2		-2.800E+0		-1.518E-9		
1.958E+2		-2.750E+0		-1.434E-9		
1.962E+2		-2.700E+0		-1.255E-9		
1.966E+2		-2.650E+0		-1.207E-9		
1.970E+2		-2.600E+0		-1.129E-9		
1.974E+2		-2.550E+0		-1.086E-9		
1.978E+2		-2.500E+0		-1.338E-9		
1.982E+2		-2.450E+0		-1.218E-9		
1.986E+2		-2.400E+0		-1.041E-9		
1.990E+2		-2.350E+0		-1.026E-9		
2.000E+2		-2.300E+0		-9.996E-10		
2.002E+2		-2.250E+0		-9.718E-10		
2.006E+2		-2.200E+0		-8.633E-10		
2.010E+2		-2.150E+0		-8.323E-10		
2.014E+2		-2.100E+0		-7.658E-10		
2.018E+2		-2.050E+0		-7.073E-10		
2.022E+2		-2.000E+0		-6.433E-10		
2.026E+2		-1.950E+0		-5.941E-10		
2.030E+2		-1.900E+0		-5.622E-10		
2.034E+2		-1.850E+0		-5.127E-10		
2.038E+2		-1.800E+0		-4.626E-10		
2.042E+2		-1.750E+0		-4.178E-10		
2.046E+2		-1.700E+0		-4.439E-10		
2.050E+2		-1.650E+0		-3.801E-10		
2.054E+2		-1.600E+0		-3.251E-10		
2.058E+2		-1.550E+0		-2.699E-10		
2.062E+2		-1.500E+0		-2.490E-10		
2.066E+2		-1.450E+0		-2.234E-10		
2.070E+2		-1.400E+0		-1.961E-10		
2.074E+2		-1.350E+0		-1.751E-10		
2.078E+2		-1.300E+0		-1.507E-10		
2.082E+2		-1.250E+0		-1.308E-10		
2.086E+2		-1.200E+0		-1.147E-10		
2.090E+2		-1.150E+0		-1.018E-10		
2.100E+2		-1.100E+0		-8.875E-11		
2.102E+2		-1.050E+0		-7.591E-11		
2.106E+2		-1.000E+0		-5.764E-11		
2.110E+2		-9.500E-1		-4.594E-11		
2.114E+2		-9.000E-1		-4.020E-11		
2.118E+2		-8.500E-1		-3.899E-11		
2.122E+2		-8.000E-1		-3.322E-11		
2.126E+2		-7.500E-1		-2.790E-11		
2.130E+2		-7.000E-1		-2.250E-11		
2.134E+2		-6.500E-1		-2.102E-11		
2.138E+2		-6.000E-1		-2.018E-11		
2.142E+2		-5.500E-1		-1.724E-11		
2.146E+2		-5.000E-1		-1.397E-11		
2.150E+2		-4.500E-1		-9.804E-12		
2.154E+2		-4.000E-1		-5.805E-12		
2.158E+2		-3.500E-1		-2.146E-12		
2.162E+2		-3.000E-1		-1.467E-12		
2.166E+2		-2.500E-1		-1.281E-12		
2.170E+2		-2.000E-1		-9.906E-13		
2.174E+2		-1.500E-1		-6.806E-13		
2.178E+2		-1.000E-1		-5.103E-13		
2.182E+2		-5.000E-2		-3.136E-13		
2.186E+2		0.000E+0		-1.689E-13		
2.190E+2		0.000E+0		-1.247E-12		
2.194E+2		5.000E-2		1.664E-13		
2.198E+2		1.000E-1		4.199E-13		
2.202E+2		1.500E-1		6.164E-13		
2.206E+2		2.000E-1		8.718E-13		
2.210E+2		2.500E-1		1.419E-12		
2.214E+2		3.000E-1		1.716E-12		
2.218E+2		3.500E-1		2.031E-12		
2.222E+2		4.000E-1		2.676E-12		
2.226E+2		4.500E-1		3.374E-12		
2.230E+2		5.000E-1		3.965E-12		
2.234E+2		5.500E-1		1.006E-11		
2.238E+2		6.000E-1		9.986E-12		
2.242E+2		6.500E-1		7.991E-12		
2.246E+2		7.000E-1		8.736E-12		
2.250E+2		7.500E-1		8.296E-12		
2.254E+2		8.000E-1		9.503E-12		
2.258E+2		8.500E-1		9.551E-12		
2.262E+2		9.000E-1		1.037E-11		
2.266E+2		9.500E-1		1.224E-11		
2.270E+2		1.000E+0		1.374E-11		
2.274E+2		1.050E+0		8.144E-11		
2.278E+2		1.100E+0		8.418E-11		
2.282E+2		1.150E+0		6.459E-11		
2.286E+2		1.200E+0		5.371E-11		
2.290E+2		1.250E+0		5.375E-11		
2.294E+2		1.300E+0		7.583E-11		
2.298E+2		1.350E+0		8.394E-11		
2.308E+2		1.400E+0		1.037E-10		
2.310E+2		1.450E+0		1.286E-10		
2.314E+2		1.500E+0		1.478E-10		
2.318E+2		1.550E+0		1.409E-10		
2.322E+2		1.600E+0		1.468E-10		
2.326E+2		1.650E+0		1.336E-10		
2.330E+2		1.700E+0		1.041E-10		
2.334E+2		1.750E+0		1.478E-10		
2.338E+2		1.800E+0		1.886E-10		
2.342E+2		1.850E+0		1.823E-10		
2.346E+2		1.900E+0		1.838E-10		
2.350E+2		1.950E+0		1.802E-10		
2.354E+2		2.000E+0		1.420E-10		
2.358E+2		2.050E+0		1.528E-10		
2.362E+2		2.100E+0		1.531E-10		
2.366E+2		2.150E+0		1.649E-10		
2.370E+2		2.200E+0		1.472E-10		
2.374E+2		2.250E+0		1.445E-10		
2.378E+2		2.300E+0		1.476E-10		
2.382E+2		2.350E+0		1.403E-10		
2.386E+2		2.400E+0		1.491E-10		
2.390E+2		2.450E+0		1.630E-10		
2.394E+2		2.500E+0		1.756E-10		
2.398E+2		2.550E+0		1.898E-10		
2.402E+2		2.600E+0		2.464E-10		
2.406E+2		2.650E+0		2.232E-10		
2.410E+2		2.700E+0		2.289E-10		
2.414E+2		2.750E+0		2.571E-10		
2.418E+2		2.800E+0		2.651E-10		
2.422E+2		2.850E+0		3.043E-10		
2.426E+2		2.900E+0		3.140E-10		
2.430E+2		2.950E+0		3.305E-10		
2.434E+2		3.000E+0		3.658E-10		
2.438E+2		3.050E+0		3.982E-10		
2.442E+2		3.100E+0		4.383E-10		
2.446E+2		3.150E+0		4.771E-10		
2.450E+2		3.200E+0		5.503E-10		
#Sweep: 005
2.454E+2		3.200E+0		5.319E-10		
2.458E+2		3.150E+0		5.102E-10		
2.462E+2		3.100E+0		4.743E-10		
2.466E+2		3.050E+0		4.478E-10		
2.470E+2		3.000E+0		4.314E-10		
2.474E+2		2.950E+0		4.105E-10		
2.478E+2		2.900E+0		4.073E-10		
2.482E+2		2.850E+0		3.798E-10		
2.486E+2		2.800E+0		3.425E-10		
2.490E+2		2.750E+0		3.371E-10		
2.494E+2		2.700E+0		3.134E-10		
2.498E+2		2.650E+0		2.961E-10		
2.502E+2		2.600E+0		2.813E-10		
2.506E+2		2.550E+0		2.944E-10		
2.510E+2		2.500E+0		2.917E-10		
2.514E+2		2.450E+0		3.002E-10		
2.518E+2		2.400E+0		2.826E-10		
2.522E+2		2.350E+0		2.549E-10		
2.526E+2		2.300E+0		2.355E-10		
2.530E+2		2.250E+0		2.160E-10		
2.534E+2		2.200E+0		1.961E-10		
2.538E+2		2.150E+0		1.824E-10		
2.542E+2		2.100E+0		1.668E-10		
2.546E+2		2.050E+0		1.535E-10		
2.550E+2		2.000E+0		1.442E-10		
2.554E+2		1.950E+0		1.330E-10		
2.558E+2		1.900E+0		1.226E-10		
2.562E+2		1.850E+0		1.109E-10		
2.566E+2		1.800E+0		1.023E-10		
2.576E+2		1.750E+0		9.546E-11		
2.578E+2		1.700E+0		8.666E-11		
2.582E+2		1.650E+0		8.325E-11		
2.586E+2		1.600E+0		7.581E-11		
2.590E+2		1.550E+0		6.718E-11		
2.594E+2		1.500E+0		5.944E-11		
2.598E+2		1.450E+0		5.384E-11		
2.602E+2		1.400E+0		4.365E-11		
2.606E+2		1.350E+0		3.807E-11		
2.610E+2		1.300E+0		3.055E-11		
2.614E+2		1.250E+0		2.859E-11		
2.618E+2		1.200E+0		2.456E-11		
2.622E+2		1.150E+0		2.237E-11		
2.626E+2		1.100E+0		2.021E-11		
2.630E+2		1.050E+0		1.773E-11		
2.634E+2		1.000E+0		1.584E-11		
2.638E+2		9.500E-1		1.437E-11		
2.642E+2		9.000E-1		1.253E-11		
2.646E+2		8.500E-1		1.085E-11		
2.650E+2		8.000E-1		9.505E-12		
2.654E+2		7.500E-1		8.273E-12		
2.658E+2		7.000E-1		6.215E-12		
2.662E+2		6.500E-1		5.479E-12		
2.666E+2		6.000E-1		4.566E-12		
2.670E+2		5.500E-1		3.863E-12		
2.674E+2		5.000E-1		3.240E-12		
2.678E+2		4.500E-1		2.701E-12		
2.682E+2		4.000E-1		2.265E-12		
2.686E+2		3.500E-1		1.780E-12		
2.690E+2		3.000E-1		1.321E-12		
2.694E+2		2.500E-1		1.038E-12		
2.698E+2		2.000E-1		7.540E-13		
2.702E+2		1.500E-1		6.935E-13		
2.706E+2		1.000E-1		4.517E-13		
2.710E+2		5.000E-2		2.104E-13		
2.714E+2		0.000E+0		1.081E-14		
2.718E+2		0.000E+0		1.157E-12		
2.722E+2		-5.000E-2		-3.322E-13		
2.726E+2		-1.000E-1		-6.794E-13		
2.730E+2		-1.500E-1		-9.195E-13		
2.734E+2		-2.000E-1		-1.222E-12		
2.738E+2		-2.500E-1		-1.500E-12		
2.742E+2		-3.000E-1		-1.757E-12		
2.746E+2		-3.500E-1		-1.994E-12		
2.750E+2		-4.000E-1		-2.406E-12		
2.754E+2		-4.500E-1		-2.820E-12		
2.758E+2		-5.000E-1		-2.974E-12		
2.762E+2		-5.500E-1		-3.459E-12		
2.766E+2		-6.000E-1		-4.237E-12		
2.770E+2		-6.500E-1		-4.702E-12		
2.774E+2		-7.000E-1		-5.427E-12		
2.778E+2		-7.500E-1		-6.361E-12		
2.782E+2		-8.000E-1		-7.214E-12		
2.786E+2		-8.500E-1		-8.176E-12		
2.790E+2		-9.000E-1		-9.720E-12		
2.794E+2		-9.500E-1		-1.193E-11		
2.798E+2		-1.000E+0		-1.547E-11		
2.802E+2		-1.050E+0		-1.992E-11		
2.806E+2		-1.100E+0		-2.510E-11		
2.810E+2		-1.150E+0		-2.684E-11		
2.814E+2		-1.200E+0		-3.351E-11		
2.818E+2		-1.250E+0		-3.283E-11		
2.822E+2		-1.300E+0		-3.644E-11		
2.826E+2		-1.350E+0		-4.402E-11		
2.830E+2		-1.400E+0		-5.338E-11		
2.834E+2		-1.450E+0		-4.907E-11		
2.838E+2		-1.500E+0		-5.406E-11		
2.842E+2		-1.550E+0		-5.750E-11		
2.846E+2		-1.600E+0		-7.040E-11		
2.850E+2		-1.650E+0		-8.085E-11		
2.854E+2		-1.700E+0		-8.747E-11		
2.864E+2		-1.750E+0		-1.043E-10		
2.866E+2		-1.800E+0		-1.154E-10		
2.870E+2		-1.850E+0		-1.173E-10		
2.874E+2		-1.900E+0		-1.073E-10		
2.878E+2		-1.950E+0		-1.080E-10		
2.882E+2		-2.000E+0		-1.057E-10		
2.886E+2		-2.050E+0		-1.133E-10		
2.890E+2		-2.100E+0		-1.065E-10		
2.900E+2		-2.150E+0		-3.780E-11		
2.902E+2		-2.200E+0		-5.073E-11		
2.906E+2		-2.250E+0		-9.159E-11		
2.916E+2		-2.300E+0		-1.260E-10		
2.918E+2		-2.350E+0		-1.287E-10		
2.922E+2		-2.400E+0		-1.572E-10		
2.926E+2		-2.450E+0		-1.908E-10		
2.930E+2		-2.500E+0		-2.280E-10		
2.934E+2		-2.550E+0		-2.421E-10		
2.938E+2		-2.600E+0		-2.545E-10		
2.942E+2		-2.650E+0		-2.801E-10		
2.946E+2		-2.700E+0		-2.956E-10		
2.950E+2		-2.750E+0		-3.029E-10		
2.954E+2		-2.800E+0		-3.239E-10		
2.958E+2		-2.850E+0		-3.184E-10		
2.962E+2		-2.900E+0		-2.608E-10		
2.966E+2		-2.950E+0		-3.951E-10		
2.970E+2		-3.000E+0		-3.624E-10		
2.974E+2		-3.050E+0		-7.194E-10		
2.978E+2		-3.100E+0		-7.690E-10		
2.982E+2		-3.150E+0		-7.700E-10		
2.986E+2		-3.200E+0		-8.157E-10		
#Sweep: 006
2.990E+2		-3.200E+0		-8.785E-10		
2.994E+2		-3.150E+0		-7.563E-10		
2.998E+2		-3.100E+0		-5.192E-10		
3.002E+2		-3.050E+0		-4.925E-10		
3.006E+2		-3.000E+0		-4.955E-10		
3.010E+2		-2.950E+0		-3.276E-10		
3.014E+2		-2.900E+0		-2.887E-10		
3.018E+2		-2.850E+0		-2.686E-10		
3.022E+2		-2.800E+0		-2.352E-10		
3.026E+2		-2.750E+0		-1.774E-10		
3.030E+2		-2.700E+0		-2.251E-10		
3.034E+2		-2.650E+0		-2.094E-10		
3.038E+2		-2.600E+0		-2.062E-10		
3.042E+2		-2.550E+0		-2.079E-10		
3.046E+2		-2.500E+0		-2.049E-10		
3.050E+2		-2.450E+0		-1.714E-10		
3.054E+2		-2.400E+0		-1.662E-10		
3.058E+2		-2.350E+0		-1.369E-10		
3.062E+2		-2.300E+0		-1.377E-10		
3.066E+2		-2.250E+0		-1.142E-10		
3.070E+2		-2.200E+0		-1.146E-10		
3.080E+2		-2.150E+0		-8.823E-11		
3.082E+2		-2.100E+0		-7.322E-11		
3.086E+2		-2.050E+0		-6.607E-11		
3.090E+2		-2.000E+0		-5.789E-11		
3.094E+2		-1.950E+0		-4.889E-11		
3.098E+2		-1.900E+0		-4.611E-11		
3.102E+2		-1.850E+0		-3.872E-11		
3.106E+2		-1.800E+0		-2.669E-11		
3.110E+2		-1.750E+0		-2.712E-11		
3.114E+2		-1.700E+0		-1.832E-11		
3.118E+2		-1.650E+0		-2.068E-11		
3.122E+2		-1.600E+0		-2.410E-11		
3.126E+2		-1.550E+0		-1.636E-11		
3.130E+2		-1.500E+0		-2.071E-11		
3.134E+2		-1.450E+0		-2.033E-11		
3.138E+2		-1.400E+0		-2.690E-11		
3.142E+2		-1.350E+0		-1.481E-11		
3.146E+2		-1.300E+0		-1.776E-11		
3.150E+2		-1.250E+0		-1.628E-11		
3.154E+2		-1.200E+0		-1.585E-11		
3.158E+2		-1.150E+0		-1.039E-11		
3.162E+2		-1.100E+0		-5.164E-12		
3.166E+2		-1.050E+0		-1.508E-12		
3.170E+2		-1.000E+0		-1.418E-12		
3.174E+2		-9.500E-1		-1.657E-12		
3.178E+2		-9.000E-1		-1.471E-12		
3.182E+2		-8.500E-1		-1.203E-12		
3.186E+2		-8.000E-1		-7.299E-13		
3.190E+2		-7.500E-1		-7.473E-13		
3.194E+2		-7.000E-1		-1.042E-12		
3.198E+2		-6.500E-1		-1.026E-12		
3.202E+2		-6.000E-1		-1.183E-12		
3.206E+2		-5.500E-1		-1.110E-12		
3.210E+2		-5.000E-1		-1.797E-12		
3.214E+2		-4.500E-1		-1.651E-12		
3.218E+2		-4.000E-1		-1.996E-12		
3.222E+2		-3.500E-1		-1.756E-12		
3.226E+2		-3.000E-1		-1.522E-12		
3.230E+2		-2.500E-1		-1.299E-12		
3.234E+2		-2.000E-1		-1.037E-12		
3.238E+2		-1.500E-1		-8.313E-13		
3.242E+2		-1.000E-1		-8.137E-13		
3.246E+2		-5.000E-2		-4.109E-13		
3.250E+2		0.000E+0		-1.081E-14		
