Time [S]	Voltage [V]	Current [A]	
#Sweep: 000
9.680E-1		0.000E+0		5.724E-13		
1.468E+0		5.000E-2		7.527E-13		
1.867E+0		1.000E-1		1.459E-12		
2.267E+0		1.500E-1		1.668E-12		
2.667E+0		2.000E-1		1.875E-12		
3.066E+0		2.500E-1		2.172E-12		
3.466E+0		3.000E-1		2.491E-12		
3.867E+0		3.500E-1		2.874E-12		
4.267E+0		4.000E-1		3.381E-12		
4.667E+0		4.500E-1		3.917E-12		
5.067E+0		5.000E-1		4.558E-12		
5.467E+0		5.500E-1		5.270E-12		
5.867E+0		6.000E-1		6.072E-12		
6.267E+0		6.500E-1		6.972E-12		
6.667E+0		7.000E-1		7.970E-12		
7.067E+0		7.500E-1		9.097E-12		
7.467E+0		8.000E-1		1.038E-11		
7.867E+0		8.500E-1		1.172E-11		
8.267E+0		9.000E-1		1.325E-11		
8.667E+0		9.500E-1		1.494E-11		
9.067E+0		1.000E+0		1.678E-11		
9.467E+0		1.050E+0		1.875E-11		
9.867E+0		1.100E+0		2.081E-11		
1.027E+1		1.150E+0		2.311E-11		
1.067E+1		1.200E+0		2.555E-11		
1.107E+1		1.250E+0		2.829E-11		
1.147E+1		1.300E+0		3.116E-11		
1.187E+1		1.350E+0		3.418E-11		
1.227E+1		1.400E+0		3.758E-11		
1.267E+1		1.450E+0		4.103E-11		
1.307E+1		1.500E+0		4.490E-11		
1.347E+1		1.550E+0		4.918E-11		
1.387E+1		1.600E+0		5.345E-11		
1.427E+1		1.650E+0		5.789E-11		
1.467E+1		1.700E+0		6.309E-11		
1.507E+1		1.750E+0		6.865E-11		
1.547E+1		1.800E+0		7.440E-11		
1.587E+1		1.850E+0		8.103E-11		
1.627E+1		1.900E+0		8.791E-11		
1.667E+1		1.950E+0		9.512E-11		
1.767E+1		2.000E+0		1.038E-10		
1.787E+1		2.050E+0		1.127E-10		
1.827E+1		2.100E+0		1.213E-10		
1.867E+1		2.150E+0		1.311E-10		
1.907E+1		2.200E+0		1.423E-10		
1.947E+1		2.250E+0		1.533E-10		
1.987E+1		2.300E+0		1.658E-10		
2.027E+1		2.350E+0		1.801E-10		
2.067E+1		2.400E+0		1.967E-10		
2.107E+1		2.450E+0		2.150E-10		
2.147E+1		2.500E+0		2.356E-10		
2.187E+1		2.550E+0		2.554E-10		
2.227E+1		2.600E+0		2.783E-10		
2.267E+1		2.650E+0		3.080E-10		
2.307E+1		2.700E+0		3.484E-10		
2.347E+1		2.750E+0		4.004E-10		
2.387E+1		2.800E+0		4.475E-10		
2.427E+1		2.850E+0		5.052E-10		
2.467E+1		2.900E+0		5.573E-10		
2.507E+1		2.950E+0		6.422E-10		
2.547E+1		3.000E+0		8.105E-10		
2.587E+1		3.050E+0		9.410E-10		
2.641E+1		3.100E+0		1.147E-9		
2.667E+1		3.150E+0		1.248E-9		
2.707E+1		3.200E+0		1.391E-9		
#Sweep: 001
2.747E+1		3.200E+0		1.623E-9		
2.787E+1		3.150E+0		1.571E-9		
2.827E+1		3.100E+0		1.584E-9		
2.867E+1		3.050E+0		1.506E-9		
2.907E+1		3.000E+0		1.398E-9		
2.947E+1		2.950E+0		1.337E-9		
2.987E+1		2.900E+0		1.319E-9		
3.027E+1		2.850E+0		1.246E-9		
3.067E+1		2.800E+0		1.140E-9		
3.107E+1		2.750E+0		1.077E-9		
3.207E+1		2.700E+0		9.165E-10		
3.227E+1		2.650E+0		8.971E-10		
3.267E+1		2.600E+0		8.488E-10		
3.307E+1		2.550E+0		8.022E-10		
3.347E+1		2.500E+0		7.627E-10		
3.387E+1		2.450E+0		7.087E-10		
3.427E+1		2.400E+0		6.621E-10		
3.467E+1		2.350E+0		6.139E-10		
3.507E+1		2.300E+0		5.689E-10		
3.547E+1		2.250E+0		5.339E-10		
3.587E+1		2.200E+0		4.934E-10		
3.627E+1		2.150E+0		4.570E-10		
3.667E+1		2.100E+0		4.257E-10		
3.707E+1		2.050E+0		3.924E-10		
3.747E+1		2.000E+0		3.627E-10		
3.787E+1		1.950E+0		3.300E-10		
3.827E+1		1.900E+0		3.011E-10		
3.867E+1		1.850E+0		2.757E-10		
3.907E+1		1.800E+0		2.540E-10		
3.947E+1		1.750E+0		2.361E-10		
3.987E+1		1.700E+0		2.169E-10		
4.027E+1		1.650E+0		1.997E-10		
4.067E+1		1.600E+0		1.827E-10		
4.107E+1		1.550E+0		1.642E-10		
4.151E+1		1.500E+0		1.492E-10		
4.187E+1		1.450E+0		1.363E-10		
4.227E+1		1.400E+0		1.248E-10		
4.267E+1		1.350E+0		1.117E-10		
4.307E+1		1.300E+0		1.033E-10		
4.407E+1		1.250E+0		8.761E-11		
4.427E+1		1.200E+0		7.742E-11		
4.467E+1		1.150E+0		7.012E-11		
4.507E+1		1.100E+0		6.249E-11		
4.547E+1		1.050E+0		5.447E-11		
4.587E+1		1.000E+0		4.801E-11		
4.627E+1		9.500E-1		4.176E-11		
4.667E+1		9.000E-1		3.661E-11		
4.707E+1		8.500E-1		3.124E-11		
4.747E+1		8.000E-1		2.643E-11		
4.787E+1		7.500E-1		2.184E-11		
4.827E+1		7.000E-1		1.868E-11		
4.867E+1		6.500E-1		1.559E-11		
4.907E+1		6.000E-1		1.272E-11		
4.947E+1		5.500E-1		1.033E-11		
4.987E+1		5.000E-1		8.209E-12		
5.027E+1		4.500E-1		6.326E-12		
5.067E+1		4.000E-1		4.887E-12		
5.107E+1		3.500E-1		3.571E-12		
5.147E+1		3.000E-1		2.498E-12		
5.187E+1		2.500E-1		1.513E-12		
5.227E+1		2.000E-1		7.603E-13		
5.267E+1		1.500E-1		1.682E-13		
5.307E+1		1.000E-1		-2.471E-13		
5.347E+1		5.000E-2		-6.424E-13		
5.387E+1		0.000E+0		-9.912E-13		
5.427E+1		0.000E+0		1.429E-13		
5.467E+1		-5.000E-2		-1.267E-12		
5.507E+1		-1.000E-1		-1.754E-12		
5.547E+1		-1.500E-1		-2.214E-12		
5.587E+1		-2.000E-1		-2.765E-12		
5.627E+1		-2.500E-1		-3.395E-12		
5.667E+1		-3.000E-1		-4.183E-12		
5.707E+1		-3.500E-1		-5.097E-12		
5.747E+1		-4.000E-1		-6.245E-12		
5.787E+1		-4.500E-1		-7.338E-12		
5.827E+1		-5.000E-1		-8.941E-12		
5.867E+1		-5.500E-1		-1.073E-11		
5.907E+1		-6.000E-1		-1.280E-11		
5.947E+1		-6.500E-1		-1.472E-11		
5.987E+1		-7.000E-1		-1.719E-11		
6.027E+1		-7.500E-1		-2.048E-11		
6.067E+1		-8.000E-1		-2.331E-11		
6.107E+1		-8.500E-1		-2.629E-11		
6.147E+1		-9.000E-1		-3.045E-11		
6.187E+1		-9.500E-1		-3.487E-11		
6.227E+1		-1.000E+0		-3.999E-11		
6.267E+1		-1.050E+0		-4.544E-11		
6.307E+1		-1.100E+0		-5.087E-11		
6.347E+1		-1.150E+0		-5.778E-11		
6.387E+1		-1.200E+0		-6.481E-11		
6.427E+1		-1.250E+0		-7.060E-11		
6.467E+1		-1.300E+0		-7.856E-11		
6.507E+1		-1.350E+0		-8.911E-11		
6.547E+1		-1.400E+0		-9.703E-11		
6.647E+1		-1.450E+0		-1.066E-10		
6.667E+1		-1.500E+0		-1.159E-10		
6.707E+1		-1.550E+0		-1.236E-10		
6.747E+1		-1.600E+0		-1.328E-10		
6.787E+1		-1.650E+0		-1.427E-10		
6.827E+1		-1.700E+0		-1.624E-10		
6.867E+1		-1.750E+0		-1.756E-10		
6.907E+1		-1.800E+0		-1.924E-10		
6.947E+1		-1.850E+0		-2.099E-10		
6.987E+1		-1.900E+0		-2.202E-10		
7.027E+1		-1.950E+0		-2.404E-10		
7.067E+1		-2.000E+0		-2.644E-10		
7.107E+1		-2.050E+0		-2.944E-10		
7.147E+1		-2.100E+0		-3.289E-10		
7.187E+1		-2.150E+0		-3.468E-10		
7.227E+1		-2.200E+0		-3.686E-10		
7.267E+1		-2.250E+0		-4.175E-10		
7.307E+1		-2.300E+0		-4.831E-10		
7.347E+1		-2.350E+0		-5.503E-10		
7.387E+1		-2.400E+0		-6.633E-10		
7.427E+1		-2.450E+0		-7.759E-10		
7.467E+1		-2.500E+0		-9.338E-10		
7.521E+1		-2.550E+0		-1.148E-9		
7.547E+1		-2.600E+0		-1.282E-9		
7.587E+1		-2.650E+0		-1.804E-9		
7.627E+1		-2.700E+0		-2.238E-9		
7.667E+1		-2.750E+0		-3.434E-9		
7.707E+1		-2.800E+0		-3.778E-9		
7.747E+1		-2.850E+0		-3.960E-9		
7.787E+1		-2.900E+0		-6.021E-9		
7.827E+1		-2.950E+0		-7.278E-9		
7.867E+1		-3.000E+0		-9.512E-9		
7.921E+1		-3.050E+0		-1.226E-8		
7.947E+1		-3.100E+0		-2.302E-8		
7.987E+1		-3.150E+0		-2.675E-8		
8.027E+1		-3.200E+0		-3.441E-8		
#Sweep: 002
8.067E+1		-3.200E+0		-5.362E-8		
8.107E+1		-3.150E+0		-9.639E-8		
8.147E+1		-3.100E+0		-7.629E-8		
8.187E+1		-3.050E+0		-4.532E-8		
8.227E+1		-3.000E+0		-3.543E-8		
8.267E+1		-2.950E+0		-2.840E-8		
8.307E+1		-2.900E+0		-3.033E-8		
8.347E+1		-2.850E+0		-2.998E-8		
8.387E+1		-2.800E+0		-2.766E-8		
8.427E+1		-2.750E+0		-2.113E-8		
8.467E+1		-2.700E+0		-1.737E-8		
8.507E+1		-2.650E+0		-1.607E-8		
8.547E+1		-2.600E+0		-1.606E-8		
8.587E+1		-2.550E+0		-1.465E-8		
8.627E+1		-2.500E+0		-1.283E-8		
8.667E+1		-2.450E+0		-1.349E-8		
8.707E+1		-2.400E+0		-1.308E-8		
8.747E+1		-2.350E+0		-1.227E-8		
8.787E+1		-2.300E+0		-1.178E-8		
8.827E+1		-2.250E+0		-1.187E-8		
8.867E+1		-2.200E+0		-1.012E-8		
8.907E+1		-2.150E+0		-1.009E-8		
8.961E+1		-2.100E+0		-8.837E-9		
8.987E+1		-2.050E+0		-7.877E-9		
9.027E+1		-2.000E+0		-6.848E-9		
9.067E+1		-1.950E+0		-6.705E-9		
9.107E+1		-1.900E+0		-6.271E-9		
9.147E+1		-1.850E+0		-5.923E-9		
9.187E+1		-1.800E+0		-5.612E-9		
9.227E+1		-1.750E+0		-4.648E-9		
9.267E+1		-1.700E+0		-4.070E-9		
9.307E+1		-1.650E+0		-3.717E-9		
9.347E+1		-1.600E+0		-3.814E-9		
9.387E+1		-1.550E+0		-3.160E-9		
9.427E+1		-1.500E+0		-2.918E-9		
9.467E+1		-1.450E+0		-2.646E-9		
9.507E+1		-1.400E+0		-2.669E-9		
9.547E+1		-1.350E+0		-2.018E-9		
9.587E+1		-1.300E+0		-1.996E-9		
9.627E+1		-1.250E+0		-2.168E-9		
9.667E+1		-1.200E+0		-1.859E-9		
9.707E+1		-1.150E+0		-1.409E-9		
9.747E+1		-1.100E+0		-1.219E-9		
9.861E+1		-1.050E+0		-1.002E-9		
9.967E+1		-1.000E+0		-8.366E-10		
9.987E+1		-9.500E-1		-7.559E-10		
1.003E+2		-9.000E-1		-6.446E-10		
1.007E+2		-8.500E-1		-5.350E-10		
1.011E+2		-8.000E-1		-4.367E-10		
1.015E+2		-7.500E-1		-3.493E-10		
1.019E+2		-7.000E-1		-3.254E-10		
1.023E+2		-6.500E-1		-2.805E-10		
1.027E+2		-6.000E-1		-2.315E-10		
1.031E+2		-5.500E-1		-1.484E-10		
1.035E+2		-5.000E-1		-1.133E-10		
1.045E+2		-4.500E-1		-6.732E-11		
1.047E+2		-4.000E-1		-5.098E-11		
1.051E+2		-3.500E-1		-3.620E-11		
1.055E+2		-3.000E-1		-2.335E-11		
1.059E+2		-2.500E-1		-1.512E-11		
1.063E+2		-2.000E-1		-9.931E-12		
1.067E+2		-1.500E-1		-6.836E-12		
1.071E+2		-1.000E-1		-9.727E-12		
1.075E+2		-5.000E-2		-1.872E-12		
1.079E+2		0.000E+0		7.523E-13		
1.083E+2		0.000E+0		-1.917E-13		
1.087E+2		5.000E-2		2.717E-12		
1.091E+2		1.000E-1		2.409E-12		
1.095E+2		1.500E-1		2.887E-12		
1.099E+2		2.000E-1		3.971E-12		
1.103E+2		2.500E-1		6.119E-12		
1.107E+2		3.000E-1		9.253E-12		
1.111E+2		3.500E-1		2.878E-11		
1.115E+2		4.000E-1		4.879E-11		
1.125E+2		4.500E-1		5.539E-11		
1.139E+2		5.000E-1		1.697E-10		
1.143E+2		5.500E-1		1.824E-10		
1.147E+2		6.000E-1		2.123E-10		
1.151E+2		6.500E-1		2.382E-10		
1.155E+2		7.000E-1		2.784E-10		
1.159E+2		7.500E-1		3.301E-10		
1.163E+2		8.000E-1		6.686E-10		
1.167E+2		8.500E-1		8.735E-10		
1.172E+2		9.000E-1		1.254E-9		
1.181E+2		9.500E-1		8.627E-10		
1.183E+2		1.000E+0		9.827E-10		
1.187E+2		1.050E+0		9.088E-10		
1.191E+2		1.100E+0		9.999E-10		
1.196E+2		1.150E+0		1.080E-9		
1.199E+2		1.200E+0		1.097E-9		
1.203E+2		1.250E+0		1.075E-9		
1.207E+2		1.300E+0		1.057E-9		
1.211E+2		1.350E+0		1.328E-9		
1.215E+2		1.400E+0		1.212E-9		
1.219E+2		1.450E+0		1.408E-9		
1.223E+2		1.500E+0		1.598E-9		
1.227E+2		1.550E+0		1.694E-9		
1.231E+2		1.600E+0		1.766E-9		
1.235E+2		1.650E+0		2.086E-9		
1.239E+2		1.700E+0		2.488E-9		
1.243E+2		1.750E+0		2.590E-9		
1.247E+2		1.800E+0		2.949E-9		
1.251E+2		1.850E+0		2.583E-9		
1.255E+2		1.900E+0		4.180E-9		
1.259E+2		1.950E+0		4.301E-9		
1.263E+2		2.000E+0		4.495E-9		
1.267E+2		2.050E+0		4.435E-9		
1.271E+2		2.100E+0		5.783E-9		
1.275E+2		2.150E+0		5.890E-9		
1.279E+2		2.200E+0		7.215E-9		
1.283E+2		2.250E+0		2.209E-9		
1.287E+2		2.300E+0		2.147E-9		
1.291E+2		2.350E+0		2.476E-9		
1.295E+2		2.400E+0		5.920E-9		
1.299E+2		2.450E+0		6.001E-9		
1.303E+2		2.500E+0		6.221E-9		
1.307E+2		2.550E+0		1.949E-9		
1.311E+2		2.600E+0		2.753E-9		
1.315E+2		2.650E+0		3.769E-9		
1.319E+2		2.700E+0		3.961E-9		
1.323E+2		2.750E+0		3.151E-9		
1.327E+2		2.800E+0		3.298E-9		
1.331E+2		2.850E+0		2.147E-9		
1.335E+2		2.900E+0		1.909E-9		
1.339E+2		2.950E+0		2.082E-9		
1.343E+2		3.000E+0		3.016E-9		
1.347E+2		3.050E+0		3.161E-9		
1.351E+2		3.100E+0		3.062E-9		
1.355E+2		3.150E+0		4.089E-9		
1.359E+2		3.200E+0		5.946E-9		
#Sweep: 003
1.363E+2		3.200E+0		9.515E-9		
1.367E+2		3.150E+0		8.827E-9		
1.371E+2		3.100E+0		7.690E-9		
1.375E+2		3.050E+0		9.256E-9		
1.379E+2		3.000E+0		8.812E-9		
1.383E+2		2.950E+0		6.933E-9		
1.387E+2		2.900E+0		5.572E-9		
1.391E+2		2.850E+0		6.575E-9		
1.395E+2		2.800E+0		4.278E-9		
1.399E+2		2.750E+0		3.826E-9		
1.403E+2		2.700E+0		3.011E-9		
1.407E+2		2.650E+0		2.702E-9		
1.411E+2		2.600E+0		2.589E-9		
1.415E+2		2.550E+0		2.884E-9		
1.419E+2		2.500E+0		2.206E-9		
1.423E+2		2.450E+0		2.196E-9		
1.427E+2		2.400E+0		1.995E-9		
1.431E+2		2.350E+0		2.190E-9		
1.435E+2		2.300E+0		2.037E-9		
1.439E+2		2.250E+0		1.523E-9		
1.443E+2		2.200E+0		1.640E-9		
1.447E+2		2.150E+0		1.451E-9		
1.451E+2		2.100E+0		1.438E-9		
1.455E+2		2.050E+0		1.331E-9		
1.459E+2		2.000E+0		1.220E-9		
1.463E+2		1.950E+0		1.001E-9		
1.467E+2		1.900E+0		1.098E-9		
1.478E+2		1.850E+0		1.146E-9		
1.489E+2		1.800E+0		9.202E-10		
1.491E+2		1.750E+0		8.950E-10		
1.495E+2		1.700E+0		7.987E-10		
1.499E+2		1.650E+0		7.434E-10		
1.503E+2		1.600E+0		6.652E-10		
1.507E+2		1.550E+0		6.145E-10		
1.511E+2		1.500E+0		5.475E-10		
1.515E+2		1.450E+0		5.089E-10		
1.519E+2		1.400E+0		4.690E-10		
1.523E+2		1.350E+0		4.151E-10		
1.527E+2		1.300E+0		3.759E-10		
1.531E+2		1.250E+0		3.379E-10		
1.535E+2		1.200E+0		3.132E-10		
1.539E+2		1.150E+0		2.695E-10		
1.543E+2		1.100E+0		2.488E-10		
1.547E+2		1.050E+0		2.209E-10		
1.551E+2		1.000E+0		1.876E-10		
1.555E+2		9.500E-1		1.454E-10		
1.559E+2		9.000E-1		1.253E-10		
1.563E+2		8.500E-1		1.135E-10		
1.579E+2		8.000E-1		1.032E-10		
1.589E+2		7.500E-1		9.230E-11		
1.591E+2		7.000E-1		8.214E-11		
1.595E+2		6.500E-1		7.064E-11		
1.599E+2		6.000E-1		3.190E-11		
1.603E+2		5.500E-1		2.267E-11		
1.607E+2		5.000E-1		1.697E-11		
1.611E+2		4.500E-1		1.351E-11		
1.615E+2		4.000E-1		9.829E-12		
1.619E+2		3.500E-1		6.444E-12		
1.623E+2		3.000E-1		4.198E-12		
1.627E+2		2.500E-1		2.419E-12		
1.631E+2		2.000E-1		1.315E-12		
1.635E+2		1.500E-1		5.208E-13		
1.639E+2		1.000E-1		-1.668E-13		
1.643E+2		5.000E-2		-6.410E-13		
1.647E+2		0.000E+0		-1.024E-12		
1.651E+2		0.000E+0		1.227E-13		
1.655E+2		-5.000E-2		-1.357E-12		
1.659E+2		-1.000E-1		-1.837E-12		
1.663E+2		-1.500E-1		-2.404E-12		
1.667E+2		-2.000E-1		-3.359E-12		
1.671E+2		-2.500E-1		-4.399E-12		
1.675E+2		-3.000E-1		-6.066E-12		
1.679E+2		-3.500E-1		-8.435E-12		
1.683E+2		-4.000E-1		-1.078E-11		
1.687E+2		-4.500E-1		-1.559E-11		
1.691E+2		-5.000E-1		-2.074E-11		
1.695E+2		-5.500E-1		-1.828E-11		
1.699E+2		-6.000E-1		-1.941E-11		
1.703E+2		-6.500E-1		-2.261E-11		
1.707E+2		-7.000E-1		-2.850E-11		
1.711E+2		-7.500E-1		-3.315E-11		
1.715E+2		-8.000E-1		-3.885E-11		
1.719E+2		-8.500E-1		-5.202E-11		
1.723E+2		-9.000E-1		-9.729E-11		
1.733E+2		-9.500E-1		-1.622E-10		
1.735E+2		-1.000E+0		-2.193E-10		
1.739E+2		-1.050E+0		-2.443E-10		
1.743E+2		-1.100E+0		-2.709E-10		
1.747E+2		-1.150E+0		-2.241E-10		
1.751E+2		-1.200E+0		-1.827E-10		
1.755E+2		-1.250E+0		-1.958E-10		
1.759E+2		-1.300E+0		-2.260E-10		
1.763E+2		-1.350E+0		-2.631E-10		
1.767E+2		-1.400E+0		-3.036E-10		
1.771E+2		-1.450E+0		-3.499E-10		
1.775E+2		-1.500E+0		-4.302E-10		
1.779E+2		-1.550E+0		-5.146E-10		
1.783E+2		-1.600E+0		-5.445E-10		
1.787E+2		-1.650E+0		-6.460E-10		
1.791E+2		-1.700E+0		-7.498E-10		
1.796E+2		-1.750E+0		-1.125E-9		
1.799E+2		-1.800E+0		-1.222E-9		
1.803E+2		-1.850E+0		-1.288E-9		
1.807E+2		-1.900E+0		-1.481E-9		
1.811E+2		-1.950E+0		-1.584E-9		
1.815E+2		-2.000E+0		-1.599E-9		
1.819E+2		-2.050E+0		-2.179E-9		
1.823E+2		-2.100E+0		-1.430E-9		
1.827E+2		-2.150E+0		-1.850E-9		
1.831E+2		-2.200E+0		-2.008E-9		
1.835E+2		-2.250E+0		-1.976E-9		
1.839E+2		-2.300E+0		-2.195E-9		
1.843E+2		-2.350E+0		-2.418E-9		
1.847E+2		-2.400E+0		-2.654E-9		
1.851E+2		-2.450E+0		-2.863E-9		
1.855E+2		-2.500E+0		-3.007E-9		
1.859E+2		-2.550E+0		-2.733E-9		
1.863E+2		-2.600E+0		-3.139E-9		
1.867E+2		-2.650E+0		-3.538E-9		
1.871E+2		-2.700E+0		-3.873E-9		
1.875E+2		-2.750E+0		-4.170E-9		
1.879E+2		-2.800E+0		-4.478E-9		
1.883E+2		-2.850E+0		-4.831E-9		
1.887E+2		-2.900E+0		-5.477E-9		
1.891E+2		-2.950E+0		-6.283E-9		
1.895E+2		-3.000E+0		-7.285E-9		
1.900E+2		-3.050E+0		-1.683E-8		
1.903E+2		-3.100E+0		-2.001E-8		
1.907E+2		-3.150E+0		-2.673E-8		
1.911E+2		-3.200E+0		-2.986E-8		
#Sweep: 004
1.915E+2		-3.200E+0		-3.712E-8		
1.919E+2		-3.150E+0		-3.243E-8		
1.923E+2		-3.100E+0		-3.705E-8		
1.927E+2		-3.050E+0		-3.665E-8		
1.931E+2		-3.000E+0		-4.005E-8		
1.935E+2		-2.950E+0		-3.154E-8		
1.939E+2		-2.900E+0		-2.689E-8		
1.943E+2		-2.850E+0		-2.654E-8		
1.947E+2		-2.800E+0		-2.480E-8		
1.951E+2		-2.750E+0		-2.359E-8		
1.955E+2		-2.700E+0		-2.353E-8		
1.959E+2		-2.650E+0		-2.085E-8		
1.963E+2		-2.600E+0		-1.911E-8		
1.967E+2		-2.550E+0		-2.061E-8		
1.971E+2		-2.500E+0		-1.924E-8		
1.975E+2		-2.450E+0		-1.753E-8		
1.979E+2		-2.400E+0		-1.754E-8		
1.983E+2		-2.350E+0		-1.666E-8		
1.987E+2		-2.300E+0		-1.519E-8		
1.991E+2		-2.250E+0		-1.519E-8		
1.995E+2		-2.200E+0		-1.363E-8		
1.999E+2		-2.150E+0		-1.224E-8		
2.003E+2		-2.100E+0		-1.135E-8		
2.007E+2		-2.050E+0		-1.104E-8		
2.011E+2		-2.000E+0		-1.004E-8		
2.016E+2		-1.950E+0		-9.309E-9		
2.019E+2		-1.900E+0		-8.776E-9		
2.023E+2		-1.850E+0		-8.574E-9		
2.027E+2		-1.800E+0		-8.238E-9		
2.031E+2		-1.750E+0		-7.654E-9		
2.035E+2		-1.700E+0		-7.239E-9		
2.039E+2		-1.650E+0		-6.946E-9		
2.043E+2		-1.600E+0		-6.523E-9		
2.047E+2		-1.550E+0		-6.245E-9		
2.051E+2		-1.500E+0		-5.504E-9		
2.055E+2		-1.450E+0		-5.018E-9		
2.059E+2		-1.400E+0		-4.700E-9		
2.063E+2		-1.350E+0		-4.268E-9		
2.067E+2		-1.300E+0		-2.728E-9		
2.071E+2		-1.250E+0		-2.660E-9		
2.075E+2		-1.200E+0		-2.462E-9		
2.079E+2		-1.150E+0		-2.480E-9		
2.083E+2		-1.100E+0		-2.317E-9		
2.087E+2		-1.050E+0		-2.008E-9		
2.091E+2		-1.000E+0		-1.780E-9		
2.095E+2		-9.500E-1		-1.467E-9		
2.099E+2		-9.000E-1		-1.584E-9		
2.103E+2		-8.500E-1		-1.383E-9		
2.107E+2		-8.000E-1		-1.247E-9		
2.111E+2		-7.500E-1		-1.096E-9		
2.115E+2		-7.000E-1		-1.010E-9		
2.125E+2		-6.500E-1		-8.978E-10		
2.127E+2		-6.000E-1		-8.219E-10		
2.131E+2		-5.500E-1		-6.824E-10		
2.135E+2		-5.000E-1		-5.452E-10		
2.139E+2		-4.500E-1		-4.266E-10		
2.143E+2		-4.000E-1		-3.489E-10		
2.147E+2		-3.500E-1		-2.841E-10		
2.151E+2		-3.000E-1		-1.817E-10		
2.155E+2		-2.500E-1		-1.338E-10		
2.165E+2		-2.000E-1		-9.740E-11		
2.167E+2		-1.500E-1		-6.514E-11		
2.171E+2		-1.000E-1		-3.684E-11		
2.175E+2		-5.000E-2		-1.102E-11		
2.179E+2		0.000E+0		-1.322E-13		
2.183E+2		0.000E+0		-3.035E-13		
2.187E+2		5.000E-2		1.424E-11		
2.191E+2		1.000E-1		1.881E-11		
2.195E+2		1.500E-1		2.089E-11		
2.199E+2		2.000E-1		2.921E-11		
2.203E+2		2.500E-1		4.573E-11		
2.207E+2		3.000E-1		6.300E-11		
2.211E+2		3.500E-1		9.920E-11		
2.221E+2		4.000E-1		2.483E-10		
2.223E+2		4.500E-1		2.815E-10		
2.227E+2		5.000E-1		3.595E-10		
2.231E+2		5.500E-1		3.976E-10		
2.235E+2		6.000E-1		4.592E-10		
2.239E+2		6.500E-1		5.402E-10		
2.243E+2		7.000E-1		6.742E-10		
2.247E+2		7.500E-1		7.448E-10		
2.251E+2		8.000E-1		8.751E-10		
2.255E+2		8.500E-1		9.648E-10		
2.260E+2		9.000E-1		1.155E-9		
2.263E+2		9.500E-1		1.270E-9		
2.267E+2		1.000E+0		1.485E-9		
2.271E+2		1.050E+0		1.323E-9		
2.275E+2		1.100E+0		1.522E-9		
2.279E+2		1.150E+0		1.933E-9		
2.283E+2		1.200E+0		2.139E-9		
2.287E+2		1.250E+0		2.664E-9		
2.291E+2		1.300E+0		3.980E-9		
2.295E+2		1.350E+0		4.283E-9		
2.299E+2		1.400E+0		5.050E-9		
2.303E+2		1.450E+0		4.933E-9		
2.307E+2		1.500E+0		5.473E-9		
2.311E+2		1.550E+0		6.075E-9		
2.315E+2		1.600E+0		5.536E-9		
2.319E+2		1.650E+0		5.922E-9		
2.323E+2		1.700E+0		6.320E-9		
2.327E+2		1.750E+0		7.200E-9		
2.331E+2		1.800E+0		6.248E-9		
2.335E+2		1.850E+0		6.987E-9		
2.339E+2		1.900E+0		7.483E-9		
2.343E+2		1.950E+0		8.768E-9		
2.347E+2		2.000E+0		7.848E-9		
2.351E+2		2.050E+0		9.390E-9		
2.356E+2		2.100E+0		1.007E-8		
2.360E+2		2.150E+0		8.086E-9		
2.363E+2		2.200E+0		9.365E-9		
2.367E+2		2.250E+0		8.946E-9		
2.372E+2		2.300E+0		1.105E-8		
2.376E+2		2.350E+0		9.406E-9		
2.379E+2		2.400E+0		9.590E-9		
2.384E+2		2.450E+0		1.042E-8		
2.387E+2		2.500E+0		1.033E-8		
2.391E+2		2.550E+0		1.041E-8		
2.395E+2		2.600E+0		1.183E-8		
2.399E+2		2.650E+0		1.162E-8		
2.403E+2		2.700E+0		1.255E-8		
2.408E+2		2.750E+0		7.019E-9		
2.411E+2		2.800E+0		4.034E-9		
2.415E+2		2.850E+0		7.298E-9		
2.419E+2		2.900E+0		4.694E-9		
2.423E+2		2.950E+0		3.780E-9		
2.427E+2		3.000E+0		5.411E-9		
2.431E+2		3.050E+0		3.542E-9		
2.435E+2		3.100E+0		3.661E-9		
2.439E+2		3.150E+0		4.284E-9		
2.443E+2		3.200E+0		4.345E-9		
#Sweep: 005
2.447E+2		3.200E+0		6.089E-9		
2.451E+2		3.150E+0		5.871E-9		
2.455E+2		3.100E+0		5.203E-9		
2.459E+2		3.050E+0		4.781E-9		
2.463E+2		3.000E+0		4.000E-9		
2.467E+2		2.950E+0		3.036E-9		
2.471E+2		2.900E+0		3.367E-9		
2.475E+2		2.850E+0		4.321E-9		
2.479E+2		2.800E+0		2.385E-9		
2.483E+2		2.750E+0		3.157E-9		
2.487E+2		2.700E+0		2.315E-9		
2.491E+2		2.650E+0		2.157E-9		
2.495E+2		2.600E+0		1.546E-9		
2.499E+2		2.550E+0		1.853E-9		
2.503E+2		2.500E+0		1.636E-9		
2.507E+2		2.450E+0		1.364E-9		
2.511E+2		2.400E+0		1.268E-9		
2.515E+2		2.350E+0		1.127E-9		
2.519E+2		2.300E+0		1.093E-9		
2.523E+2		2.250E+0		1.039E-9		
2.533E+2		2.200E+0		9.538E-10		
2.535E+2		2.150E+0		9.192E-10		
2.539E+2		2.100E+0		8.244E-10		
2.543E+2		2.050E+0		7.559E-10		
2.547E+2		2.000E+0		7.124E-10		
2.551E+2		1.950E+0		6.859E-10		
2.555E+2		1.900E+0		7.260E-10		
2.559E+2		1.850E+0		6.837E-10		
2.563E+2		1.800E+0		6.457E-10		
2.567E+2		1.750E+0		5.528E-10		
2.571E+2		1.700E+0		4.727E-10		
2.575E+2		1.650E+0		4.397E-10		
2.579E+2		1.600E+0		4.140E-10		
2.583E+2		1.550E+0		6.167E-10		
2.587E+2		1.500E+0		5.805E-10		
2.591E+2		1.450E+0		5.352E-10		
2.595E+2		1.400E+0		4.909E-10		
2.599E+2		1.350E+0		4.444E-10		
2.603E+2		1.300E+0		3.684E-10		
2.607E+2		1.250E+0		3.257E-10		
2.611E+2		1.200E+0		2.889E-10		
2.615E+2		1.150E+0		1.794E-10		
2.619E+2		1.100E+0		2.470E-10		
2.623E+2		1.050E+0		2.800E-10		
2.627E+2		1.000E+0		2.374E-10		
2.631E+2		9.500E-1		1.594E-10		
2.635E+2		9.000E-1		1.359E-10		
2.639E+2		8.500E-1		1.219E-10		
2.643E+2		8.000E-1		1.315E-10		
2.647E+2		7.500E-1		1.253E-10		
2.657E+2		7.000E-1		9.401E-11		
2.659E+2		6.500E-1		7.190E-11		
2.663E+2		6.000E-1		4.660E-11		
2.667E+2		5.500E-1		3.815E-11		
2.671E+2		5.000E-1		2.706E-11		
2.675E+2		4.500E-1		1.985E-11		
2.679E+2		4.000E-1		1.531E-11		
2.683E+2		3.500E-1		1.225E-11		
2.687E+2		3.000E-1		9.361E-12		
2.691E+2		2.500E-1		5.929E-12		
2.695E+2		2.000E-1		3.565E-12		
2.699E+2		1.500E-1		1.898E-12		
2.703E+2		1.000E-1		4.988E-13		
2.707E+2		5.000E-2		-3.676E-13		
2.711E+2		0.000E+0		-1.008E-12		
2.715E+2		0.000E+0		1.495E-13		
2.719E+2		-5.000E-2		-1.512E-12		
2.723E+2		-1.000E-1		-2.466E-12		
2.727E+2		-1.500E-1		-3.559E-12		
2.731E+2		-2.000E-1		-5.058E-12		
2.735E+2		-2.500E-1		-5.737E-12		
2.739E+2		-3.000E-1		-7.219E-12		
2.743E+2		-3.500E-1		-1.005E-11		
2.747E+2		-4.000E-1		-1.395E-11		
2.751E+2		-4.500E-1		-2.010E-11		
2.755E+2		-5.000E-1		-2.357E-11		
2.759E+2		-5.500E-1		-2.478E-11		
2.763E+2		-6.000E-1		-2.515E-11		
2.767E+2		-6.500E-1		-2.974E-11		
2.771E+2		-7.000E-1		-3.892E-11		
2.775E+2		-7.500E-1		-4.920E-11		
2.779E+2		-8.000E-1		-4.462E-11		
2.783E+2		-8.500E-1		-6.784E-11		
2.787E+2		-9.000E-1		-7.589E-11		
2.791E+2		-9.500E-1		-9.697E-11		
2.801E+2		-1.000E+0		-1.333E-10		
2.803E+2		-1.050E+0		-1.500E-10		
2.807E+2		-1.100E+0		-1.959E-10		
2.811E+2		-1.150E+0		-2.008E-10		
2.815E+2		-1.200E+0		-1.989E-10		
2.819E+2		-1.250E+0		-2.383E-10		
2.823E+2		-1.300E+0		-2.736E-10		
2.827E+2		-1.350E+0		-4.243E-10		
2.831E+2		-1.400E+0		-4.570E-10		
2.835E+2		-1.450E+0		-4.831E-10		
2.839E+2		-1.500E+0		-5.747E-10		
2.843E+2		-1.550E+0		-6.395E-10		
2.847E+2		-1.600E+0		-7.177E-10		
2.851E+2		-1.650E+0		-7.410E-10		
2.855E+2		-1.700E+0		-8.941E-10		
2.859E+2		-1.750E+0		-9.613E-10		
2.864E+2		-1.800E+0		-1.167E-9		
2.867E+2		-1.850E+0		-1.201E-9		
2.871E+2		-1.900E+0		-1.173E-9		
2.875E+2		-1.950E+0		-1.262E-9		
2.879E+2		-2.000E+0		-1.470E-9		
2.883E+2		-2.050E+0		-1.608E-9		
2.887E+2		-2.100E+0		-1.783E-9		
2.891E+2		-2.150E+0		-1.809E-9		
2.895E+2		-2.200E+0		-1.936E-9		
2.899E+2		-2.250E+0		-2.032E-9		
2.903E+2		-2.300E+0		-2.289E-9		
2.907E+2		-2.350E+0		-2.555E-9		
2.911E+2		-2.400E+0		-2.743E-9		
2.915E+2		-2.450E+0		-3.015E-9		
2.919E+2		-2.500E+0		-2.792E-9		
2.923E+2		-2.550E+0		-4.085E-9		
2.927E+2		-2.600E+0		-5.281E-9		
2.931E+2		-2.650E+0		-5.308E-9		
2.935E+2		-2.700E+0		-4.295E-9		
2.939E+2		-2.750E+0		-5.594E-9		
2.943E+2		-2.800E+0		-6.975E-9		
2.947E+2		-2.850E+0		-8.064E-9		
2.951E+2		-2.900E+0		-8.979E-9		
2.955E+2		-2.950E+0		-9.072E-9		
2.960E+2		-3.000E+0		-1.773E-8		
2.963E+2		-3.050E+0		-2.095E-8		
2.967E+2		-3.100E+0		-2.238E-8		
2.971E+2		-3.150E+0		-2.194E-8		
2.975E+2		-3.200E+0		-2.130E-8		
#Sweep: 006
2.979E+2		-3.200E+0		-2.168E-8		
2.983E+2		-3.150E+0		-1.820E-8		
2.987E+2		-3.100E+0		-1.851E-8		
2.991E+2		-3.050E+0		-1.783E-8		
2.995E+2		-3.000E+0		-1.655E-8		
2.999E+2		-2.950E+0		-1.514E-8		
3.003E+2		-2.900E+0		-1.285E-8		
3.007E+2		-2.850E+0		-1.269E-8		
3.011E+2		-2.800E+0		-1.102E-8		
3.015E+2		-2.750E+0		-1.102E-8		
3.019E+2		-2.700E+0		-1.045E-8		
3.024E+2		-2.650E+0		-9.552E-9		
3.027E+2		-2.600E+0		-7.478E-9		
3.031E+2		-2.550E+0		-6.673E-9		
3.035E+2		-2.500E+0		-7.181E-9		
3.039E+2		-2.450E+0		-7.927E-9		
3.043E+2		-2.400E+0		-7.655E-9		
3.047E+2		-2.350E+0		-7.488E-9		
3.051E+2		-2.300E+0		-6.857E-9		
3.055E+2		-2.250E+0		-6.540E-9		
3.059E+2		-2.200E+0		-6.292E-9		
3.063E+2		-2.150E+0		-6.026E-9		
3.067E+2		-2.100E+0		-5.519E-9		
3.071E+2		-2.050E+0		-5.288E-9		
3.075E+2		-2.000E+0		-5.515E-9		
3.079E+2		-1.950E+0		-4.713E-9		
3.083E+2		-1.900E+0		-4.538E-9		
3.087E+2		-1.850E+0		-4.511E-9		
3.091E+2		-1.800E+0		-4.419E-9		
3.095E+2		-1.750E+0		-4.127E-9		
3.099E+2		-1.700E+0		-3.902E-9		
3.103E+2		-1.650E+0		-3.608E-9		
3.107E+2		-1.600E+0		-3.265E-9		
3.111E+2		-1.550E+0		-3.006E-9		
3.115E+2		-1.500E+0		-2.798E-9		
3.119E+2		-1.450E+0		-2.634E-9		
3.123E+2		-1.400E+0		-2.475E-9		
3.127E+2		-1.350E+0		-2.263E-9		
3.131E+2		-1.300E+0		-2.087E-9		
3.135E+2		-1.250E+0		-1.883E-9		
3.139E+2		-1.200E+0		-1.776E-9		
3.143E+2		-1.150E+0		-1.707E-9		
3.147E+2		-1.100E+0		-1.512E-9		
3.151E+2		-1.050E+0		-1.356E-9		
3.155E+2		-1.000E+0		-1.197E-9		
3.159E+2		-9.500E-1		-1.015E-9		
3.169E+2		-9.000E-1		-7.768E-10		
3.171E+2		-8.500E-1		-7.230E-10		
3.175E+2		-8.000E-1		-6.165E-10		
3.179E+2		-7.500E-1		-5.359E-10		
3.183E+2		-7.000E-1		-4.705E-10		
3.187E+2		-6.500E-1		-4.060E-10		
3.191E+2		-6.000E-1		-3.375E-10		
3.195E+2		-5.500E-1		-2.949E-10		
3.199E+2		-5.000E-1		-3.248E-10		
3.203E+2		-4.500E-1		-2.868E-10		
3.207E+2		-4.000E-1		-2.359E-10		
3.211E+2		-3.500E-1		-1.425E-10		
3.221E+2		-3.000E-1		-9.006E-11		
3.223E+2		-2.500E-1		-6.646E-11		
3.227E+2		-2.000E-1		-2.670E-11		
3.231E+2		-1.500E-1		-9.685E-12		
3.235E+2		-1.000E-1		-3.210E-12		
3.239E+2		-5.000E-2		-7.763E-13		
3.243E+2		0.000E+0		8.235E-13		
3.247E+2		0.000E+0		-2.437E-13		
3.251E+2		5.000E-2		1.627E-12		
3.255E+2		1.000E-1		2.558E-12		
3.259E+2		1.500E-1		4.970E-12		
3.263E+2		2.000E-1		1.406E-11		
3.267E+2		2.500E-1		1.953E-11		
3.271E+2		3.000E-1		2.417E-11		
3.275E+2		3.500E-1		8.162E-11		
3.279E+2		4.000E-1		8.172E-11		
3.289E+2		4.500E-1		2.113E-10		
3.291E+2		5.000E-1		2.657E-10		
3.295E+2		5.500E-1		3.575E-10		
3.299E+2		6.000E-1		3.605E-10		
3.303E+2		6.500E-1		3.052E-10		
3.307E+2		7.000E-1		3.255E-10		
3.311E+2		7.500E-1		3.632E-10		
3.315E+2		8.000E-1		4.033E-10		
3.319E+2		8.500E-1		4.808E-10		
3.323E+2		9.000E-1		5.174E-10		
3.327E+2		9.500E-1		8.215E-10		
3.332E+2		1.000E+0		9.582E-10		
3.335E+2		1.050E+0		1.065E-9		
3.339E+2		1.100E+0		1.062E-9		
3.343E+2		1.150E+0		1.417E-9		
3.347E+2		1.200E+0		1.640E-9		
3.351E+2		1.250E+0		1.667E-9		
3.355E+2		1.300E+0		1.620E-9		
3.359E+2		1.350E+0		1.404E-9		
3.369E+2		1.400E+0		5.965E-10		
3.371E+2		1.450E+0		6.378E-10		
3.375E+2		1.500E+0		7.327E-10		
3.379E+2		1.550E+0		8.341E-10		
3.383E+2		1.600E+0		6.961E-10		
3.387E+2		1.650E+0		7.154E-10		
3.391E+2		1.700E+0		7.493E-10		
3.395E+2		1.750E+0		7.299E-10		
3.399E+2		1.800E+0		8.283E-10		
3.403E+2		1.850E+0		4.942E-10		
3.407E+2		1.900E+0		5.180E-10		
3.411E+2		1.950E+0		5.226E-10		
3.415E+2		2.000E+0		3.871E-10		
3.419E+2		2.050E+0		4.577E-10		
3.423E+2		2.100E+0		8.342E-10		
3.428E+2		2.150E+0		1.074E-9		
3.431E+2		2.200E+0		1.084E-9		
3.435E+2		2.250E+0		1.229E-9		
3.439E+2		2.300E+0		1.621E-9		
3.443E+2		2.350E+0		1.255E-9		
3.453E+2		2.400E+0		8.719E-10		
3.455E+2		2.450E+0		9.157E-10		
3.459E+2		2.500E+0		9.870E-10		
3.464E+2		2.550E+0		9.974E-10		
3.467E+2		2.600E+0		1.010E-9		
3.471E+2		2.650E+0		1.155E-9		
3.475E+2		2.700E+0		1.462E-9		
3.479E+2		2.750E+0		1.137E-9		
3.483E+2		2.800E+0		1.240E-9		
3.487E+2		2.850E+0		2.437E-9		
3.491E+2		2.900E+0		2.583E-9		
3.495E+2		2.950E+0		3.581E-9		
3.499E+2		3.000E+0		2.614E-9		
3.503E+2		3.050E+0		3.881E-9		
3.507E+2		3.100E+0		3.251E-9		
3.511E+2		3.150E+0		3.622E-9		
3.515E+2		3.200E+0		3.858E-9		
#Sweep: 007
3.519E+2		3.200E+0		3.610E-9		
3.523E+2		3.150E+0		3.770E-9		
3.527E+2		3.100E+0		3.789E-9		
3.531E+2		3.050E+0		3.444E-9		
3.535E+2		3.000E+0		2.797E-9		
3.539E+2		2.950E+0		2.619E-9		
3.543E+2		2.900E+0		2.375E-9		
3.547E+2		2.850E+0		2.201E-9		
3.551E+2		2.800E+0		2.031E-9		
3.555E+2		2.750E+0		1.958E-9		
3.559E+2		2.700E+0		1.869E-9		
3.563E+2		2.650E+0		1.794E-9		
3.567E+2		2.600E+0		1.583E-9		
3.571E+2		2.550E+0		1.534E-9		
3.575E+2		2.500E+0		1.541E-9		
3.579E+2		2.450E+0		1.323E-9		
3.583E+2		2.400E+0		1.316E-9		
3.587E+2		2.350E+0		1.224E-9		
3.591E+2		2.300E+0		1.135E-9		
3.595E+2		2.250E+0		1.080E-9		
3.605E+2		2.200E+0		9.762E-10		
3.607E+2		2.150E+0		9.642E-10		
3.611E+2		2.100E+0		8.985E-10		
3.615E+2		2.050E+0		8.023E-10		
3.619E+2		2.000E+0		7.295E-10		
3.623E+2		1.950E+0		6.730E-10		
3.627E+2		1.900E+0		6.425E-10		
3.631E+2		1.850E+0		5.909E-10		
3.635E+2		1.800E+0		5.594E-10		
3.639E+2		1.750E+0		5.187E-10		
3.643E+2		1.700E+0		4.665E-10		
3.647E+2		1.650E+0		4.238E-10		
3.651E+2		1.600E+0		3.969E-10		
3.655E+2		1.550E+0		3.525E-10		
3.659E+2		1.500E+0		3.197E-10		
3.663E+2		1.450E+0		2.952E-10		
3.667E+2		1.400E+0		2.663E-10		
3.671E+2		1.350E+0		2.412E-10		
3.675E+2		1.300E+0		2.181E-10		
3.679E+2		1.250E+0		1.909E-10		
3.683E+2		1.200E+0		1.726E-10		
3.687E+2		1.150E+0		1.511E-10		
3.691E+2		1.100E+0		1.353E-10		
3.695E+2		1.050E+0		1.164E-10		
3.705E+2		1.000E+0		9.071E-11		
3.707E+2		9.500E-1		7.602E-11		
3.711E+2		9.000E-1		8.568E-11		
3.721E+2		8.500E-1		1.058E-10		
3.729E+2		8.000E-1		9.230E-11		
3.731E+2		7.500E-1		8.033E-11		
3.735E+2		7.000E-1		6.869E-11		
3.739E+2		6.500E-1		5.686E-11		
3.743E+2		6.000E-1		5.017E-11		
3.747E+2		5.500E-1		4.127E-11		
3.751E+2		5.000E-1		3.140E-11		
3.755E+2		4.500E-1		2.403E-11		
3.759E+2		4.000E-1		1.517E-11		
3.763E+2		3.500E-1		1.002E-11		
3.767E+2		3.000E-1		8.910E-12		
3.771E+2		2.500E-1		6.041E-12		
3.775E+2		2.000E-1		3.328E-12		
3.779E+2		1.500E-1		1.266E-12		
3.783E+2		1.000E-1		9.782E-14		
3.787E+2		5.000E-2		-5.478E-13		
3.791E+2		0.000E+0		-1.006E-12		
3.795E+2		0.000E+0		1.209E-13		
3.799E+2		-5.000E-2		-1.306E-12		
3.803E+2		-1.000E-1		-2.032E-12		
3.807E+2		-1.500E-1		-3.886E-12		
3.811E+2		-2.000E-1		-5.213E-12		
3.815E+2		-2.500E-1		-6.160E-12		
3.819E+2		-3.000E-1		-5.808E-12		
3.823E+2		-3.500E-1		-6.968E-12		
3.827E+2		-4.000E-1		-9.292E-12		
3.831E+2		-4.500E-1		-1.256E-11		
3.835E+2		-5.000E-1		-1.583E-11		
3.839E+2		-5.500E-1		-2.064E-11		
3.843E+2		-6.000E-1		-2.748E-11		
3.847E+2		-6.500E-1		-2.869E-11		
3.851E+2		-7.000E-1		-3.397E-11		
3.855E+2		-7.500E-1		-4.268E-11		
3.859E+2		-8.000E-1		-4.939E-11		
3.863E+2		-8.500E-1		-5.967E-11		
3.867E+2		-9.000E-1		-5.726E-11		
3.871E+2		-9.500E-1		-5.924E-11		
3.875E+2		-1.000E+0		-6.887E-11		
3.879E+2		-1.050E+0		-8.040E-11		
3.883E+2		-1.100E+0		-8.943E-11		
3.893E+2		-1.150E+0		-1.137E-10		
3.895E+2		-1.200E+0		-1.275E-10		
3.899E+2		-1.250E+0		-1.402E-10		
3.903E+2		-1.300E+0		-1.488E-10		
3.907E+2		-1.350E+0		-1.590E-10		
3.911E+2		-1.400E+0		-1.668E-10		
3.915E+2		-1.450E+0		-2.609E-10		
3.919E+2		-1.500E+0		-2.776E-10		
3.923E+2		-1.550E+0		-3.181E-10		
3.927E+2		-1.600E+0		-3.516E-10		
3.931E+2		-1.650E+0		-7.076E-10		
3.935E+2		-1.700E+0		-6.631E-10		
3.939E+2		-1.750E+0		-6.517E-10		
3.943E+2		-1.800E+0		-7.059E-10		
3.947E+2		-1.850E+0		-7.241E-10		
3.951E+2		-1.900E+0		-7.962E-10		
3.955E+2		-1.950E+0		-8.209E-10		
3.959E+2		-2.000E+0		-9.168E-10		
3.963E+2		-2.050E+0		-9.855E-10		
3.967E+2		-2.100E+0		-9.978E-10		
3.972E+2		-2.150E+0		-1.056E-9		
3.975E+2		-2.200E+0		-1.237E-9		
3.979E+2		-2.250E+0		-1.245E-9		
3.989E+2		-2.300E+0		-9.659E-10		
3.992E+2		-2.350E+0		-1.071E-9		
3.995E+2		-2.400E+0		-1.213E-9		
3.999E+2		-2.450E+0		-1.354E-9		
4.003E+2		-2.500E+0		-1.561E-9		
4.007E+2		-2.550E+0		-1.796E-9		
4.011E+2		-2.600E+0		-2.006E-9		
4.015E+2		-2.650E+0		-2.194E-9		
4.019E+2		-2.700E+0		-2.453E-9		
4.023E+2		-2.750E+0		-2.900E-9		
4.027E+2		-2.800E+0		-3.364E-9		
4.031E+2		-2.850E+0		-3.570E-9		
4.036E+2		-2.900E+0		-1.467E-8		
4.039E+2		-2.950E+0		-1.655E-8		
4.043E+2		-3.000E+0		-1.358E-8		
4.047E+2		-3.050E+0		-1.322E-8		
4.051E+2		-3.100E+0		-1.485E-8		
4.055E+2		-3.150E+0		-1.314E-8		
4.059E+2		-3.200E+0		-1.763E-8		
#Sweep: 008
4.063E+2		-3.200E+0		-1.913E-8		
4.067E+2		-3.150E+0		-1.806E-8		
4.071E+2		-3.100E+0		-2.199E-8		
4.075E+2		-3.050E+0		-1.944E-8		
4.079E+2		-3.000E+0		-1.446E-8		
4.083E+2		-2.950E+0		-1.796E-8		
4.087E+2		-2.900E+0		-1.860E-8		
4.091E+2		-2.850E+0		-1.586E-8		
4.095E+2		-2.800E+0		-1.352E-8		
4.099E+2		-2.750E+0		-1.376E-8		
4.103E+2		-2.700E+0		-1.064E-8		
4.107E+2		-2.650E+0		-1.122E-8		
4.111E+2		-2.600E+0		-1.585E-8		
4.115E+2		-2.550E+0		-1.499E-8		
4.119E+2		-2.500E+0		-1.366E-8		
4.123E+2		-2.450E+0		-1.179E-8		
4.127E+2		-2.400E+0		-1.118E-8		
4.131E+2		-2.350E+0		-1.078E-8		
4.135E+2		-2.300E+0		-1.048E-8		
4.142E+2		-2.250E+0		-1.016E-8		
4.148E+2		-2.200E+0		-9.940E-9		
4.151E+2		-2.150E+0		-9.339E-9		
4.155E+2		-2.100E+0		-7.342E-9		
4.159E+2		-2.050E+0		-4.539E-9		
4.163E+2		-2.000E+0		-4.259E-9		
4.167E+2		-1.950E+0		-3.981E-9		
4.171E+2		-1.900E+0		-4.756E-9		
4.175E+2		-1.850E+0		-4.009E-9		
4.179E+2		-1.800E+0		-3.666E-9		
4.183E+2		-1.750E+0		-3.497E-9		
4.187E+2		-1.700E+0		-3.389E-9		
4.191E+2		-1.650E+0		-3.316E-9		
4.195E+2		-1.600E+0		-3.067E-9		
4.199E+2		-1.550E+0		-2.868E-9		
4.203E+2		-1.500E+0		-2.732E-9		
4.207E+2		-1.450E+0		-2.359E-9		
4.211E+2		-1.400E+0		-2.424E-9		
4.215E+2		-1.350E+0		-2.212E-9		
4.219E+2		-1.300E+0		-2.147E-9		
4.223E+2		-1.250E+0		-1.891E-9		
4.227E+2		-1.200E+0		-1.675E-9		
4.231E+2		-1.150E+0		-1.456E-9		
4.235E+2		-1.100E+0		-1.359E-9		
4.239E+2		-1.050E+0		-1.264E-9		
4.243E+2		-1.000E+0		-1.213E-9		
4.247E+2		-9.500E-1		-1.004E-9		
4.257E+2		-9.000E-1		-9.196E-10		
4.259E+2		-8.500E-1		-8.479E-10		
4.263E+2		-8.000E-1		-6.675E-10		
4.267E+2		-7.500E-1		-5.697E-10		
4.271E+2		-7.000E-1		-2.191E-10		
4.275E+2		-6.500E-1		-1.870E-10		
4.279E+2		-6.000E-1		-1.323E-10		
4.283E+2		-5.500E-1		-1.012E-10		
4.293E+2		-5.000E-1		-7.573E-11		
4.295E+2		-4.500E-1		-6.215E-11		
4.299E+2		-4.000E-1		-4.142E-11		
4.303E+2		-3.500E-1		-3.110E-11		
4.307E+2		-3.000E-1		-2.202E-11		
4.311E+2		-2.500E-1		-1.892E-11		
4.315E+2		-2.000E-1		-1.280E-11		
4.319E+2		-1.500E-1		-8.621E-12		
4.323E+2		-1.000E-1		-3.318E-12		
4.327E+2		-5.000E-2		-9.109E-13		
4.331E+2		0.000E+0		8.102E-13		
4.335E+2		0.000E+0		-2.174E-13		
4.339E+2		5.000E-2		2.594E-12		
4.343E+2		1.000E-1		5.723E-12		
4.347E+2		1.500E-1		1.019E-11		
4.351E+2		2.000E-1		1.593E-11		
4.355E+2		2.500E-1		2.150E-11		
4.359E+2		3.000E-1		3.228E-11		
4.363E+2		3.500E-1		3.857E-11		
4.367E+2		4.000E-1		5.359E-11		
4.371E+2		4.500E-1		6.871E-11		
4.375E+2		5.000E-1		8.501E-11		
4.385E+2		5.500E-1		1.444E-10		
4.387E+2		6.000E-1		1.478E-10		
4.391E+2		6.500E-1		1.742E-10		
4.395E+2		7.000E-1		2.350E-10		
4.399E+2		7.500E-1		2.868E-10		
4.403E+2		8.000E-1		3.269E-10		
4.407E+2		8.500E-1		4.317E-10		
4.411E+2		9.000E-1		4.768E-10		
4.415E+2		9.500E-1		5.487E-10		
4.419E+2		1.000E+0		5.922E-10		
4.423E+2		1.050E+0		7.622E-10		
4.427E+2		1.100E+0		7.521E-10		
4.431E+2		1.150E+0		7.281E-10		
4.435E+2		1.200E+0		8.354E-10		
4.440E+2		1.250E+0		1.002E-9		
4.443E+2		1.300E+0		1.074E-9		
4.447E+2		1.350E+0		1.168E-9		
4.451E+2		1.400E+0		1.455E-9		
4.455E+2		1.450E+0		1.574E-9		
4.459E+2		1.500E+0		1.153E-9		
4.463E+2		1.550E+0		1.250E-9		
4.467E+2		1.600E+0		1.407E-9		
4.471E+2		1.650E+0		1.595E-9		
4.475E+2		1.700E+0		1.722E-9		
4.479E+2		1.750E+0		1.383E-9		
4.483E+2		1.800E+0		1.731E-9		
4.487E+2		1.850E+0		1.915E-9		
4.491E+2		1.900E+0		2.199E-9		
4.495E+2		1.950E+0		2.343E-9		
4.499E+2		2.000E+0		2.502E-9		
4.503E+2		2.050E+0		2.498E-9		
4.507E+2		2.100E+0		2.646E-9		
4.511E+2		2.150E+0		2.956E-9		
4.515E+2		2.200E+0		3.961E-9		
4.519E+2		2.250E+0		4.276E-9		
4.523E+2		2.300E+0		4.972E-9		
4.527E+2		2.350E+0		3.465E-9		
4.531E+2		2.400E+0		3.678E-9		
4.535E+2		2.450E+0		3.305E-9		
4.539E+2		2.500E+0		3.095E-9		
4.543E+2		2.550E+0		2.069E-9		
4.547E+2		2.600E+0		2.474E-9		
4.551E+2		2.650E+0		2.664E-9		
4.555E+2		2.700E+0		3.046E-9		
4.559E+2		2.750E+0		3.831E-9		
4.563E+2		2.800E+0		3.928E-9		
4.567E+2		2.850E+0		3.819E-9		
4.571E+2		2.900E+0		4.034E-9		
4.575E+2		2.950E+0		3.334E-9		
4.579E+2		3.000E+0		6.103E-9		
4.583E+2		3.050E+0		8.536E-9		
4.587E+2		3.100E+0		7.069E-9		
4.591E+2		3.150E+0		7.542E-9		
4.595E+2		3.200E+0		8.266E-9		
#Sweep: 009
4.599E+2		3.200E+0		8.945E-9		
4.603E+2		3.150E+0		8.118E-9		
4.607E+2		3.100E+0		8.075E-9		
4.611E+2		3.050E+0		7.498E-9		
4.615E+2		3.000E+0		6.763E-9		
4.619E+2		2.950E+0		6.926E-9		
4.623E+2		2.900E+0		6.828E-9		
4.627E+2		2.850E+0		6.384E-9		
4.631E+2		2.800E+0		6.469E-9		
4.635E+2		2.750E+0		6.318E-9		
4.639E+2		2.700E+0		5.709E-9		
4.643E+2		2.650E+0		6.241E-9		
4.647E+2		2.600E+0		5.291E-9		
4.651E+2		2.550E+0		5.235E-9		
4.655E+2		2.500E+0		4.869E-9		
4.659E+2		2.450E+0		4.628E-9		
4.663E+2		2.400E+0		4.122E-9		
4.667E+2		2.350E+0		4.623E-9		
4.671E+2		2.300E+0		4.441E-9		
4.675E+2		2.250E+0		4.000E-9		
4.679E+2		2.200E+0		3.758E-9		
4.683E+2		2.150E+0		3.598E-9		
4.687E+2		2.100E+0		3.366E-9		
4.691E+2		2.050E+0		3.132E-9		
4.695E+2		2.000E+0		2.998E-9		
4.699E+2		1.950E+0		2.585E-9		
4.703E+2		1.900E+0		2.581E-9		
4.707E+2		1.850E+0		2.361E-9		
4.711E+2		1.800E+0		2.154E-9		
4.715E+2		1.750E+0		1.905E-9		
4.719E+2		1.700E+0		1.499E-9		
4.723E+2		1.650E+0		1.749E-9		
4.733E+2		1.600E+0		6.003E-10		
4.735E+2		1.550E+0		6.690E-10		
4.739E+2		1.500E+0		5.577E-10		
4.743E+2		1.450E+0		1.391E-10		
4.753E+2		1.400E+0		7.898E-11		
4.755E+2		1.350E+0		6.889E-11		
4.759E+2		1.300E+0		6.600E-11		
4.763E+2		1.250E+0		6.027E-11		
4.767E+2		1.200E+0		5.062E-11		
4.771E+2		1.150E+0		4.487E-11		
4.775E+2		1.100E+0		4.012E-11		
4.779E+2		1.050E+0		3.488E-11		
4.783E+2		1.000E+0		3.037E-11		
4.787E+2		9.500E-1		2.669E-11		
4.791E+2		9.000E-1		2.299E-11		
4.795E+2		8.500E-1		1.982E-11		
4.799E+2		8.000E-1		1.717E-11		
4.803E+2		7.500E-1		1.439E-11		
4.807E+2		7.000E-1		1.211E-11		
4.811E+2		6.500E-1		9.982E-12		
4.815E+2		6.000E-1		8.115E-12		
4.819E+2		5.500E-1		6.561E-12		
4.823E+2		5.000E-1		5.221E-12		
4.827E+2		4.500E-1		4.037E-12		
4.831E+2		4.000E-1		3.068E-12		
4.835E+2		3.500E-1		2.161E-12		
4.839E+2		3.000E-1		1.462E-12		
4.843E+2		2.500E-1		8.699E-13		
4.847E+2		2.000E-1		3.522E-13		
4.851E+2		1.500E-1		-4.618E-14		
4.855E+2		1.000E-1		-3.810E-13		
4.859E+2		5.000E-2		-7.153E-13		
4.863E+2		0.000E+0		-1.006E-12		
4.867E+2		0.000E+0		1.724E-13		
4.871E+2		-5.000E-2		-1.218E-12		
4.875E+2		-1.000E-1		-1.626E-12		
4.879E+2		-1.500E-1		-2.011E-12		
4.883E+2		-2.000E-1		-2.461E-12		
4.887E+2		-2.500E-1		-2.939E-12		
4.891E+2		-3.000E-1		-3.488E-12		
4.895E+2		-3.500E-1		-4.167E-12		
4.899E+2		-4.000E-1		-4.879E-12		
4.903E+2		-4.500E-1		-5.687E-12		
4.907E+2		-5.000E-1		-6.688E-12		
4.911E+2		-5.500E-1		-7.912E-12		
4.915E+2		-6.000E-1		-9.306E-12		
4.919E+2		-6.500E-1		-1.111E-11		
4.923E+2		-7.000E-1		-1.306E-11		
4.927E+2		-7.500E-1		-1.539E-11		
4.931E+2		-8.000E-1		-1.861E-11		
4.935E+2		-8.500E-1		-2.380E-11		
4.939E+2		-9.000E-1		-2.985E-11		
4.943E+2		-9.500E-1		-3.822E-11		
4.947E+2		-1.000E+0		-5.118E-11		
4.951E+2		-1.050E+0		-7.238E-11		
4.955E+2		-1.100E+0		-8.060E-11		
4.965E+2		-1.150E+0		-6.278E-11		
4.973E+2		-1.200E+0		-6.385E-11		
4.975E+2		-1.250E+0		-7.209E-11		
4.985E+2		-1.300E+0		-2.013E-10		
4.987E+2		-1.350E+0		-2.187E-10		
4.991E+2		-1.400E+0		-3.232E-10		
4.995E+2		-1.450E+0		-3.387E-10		
4.999E+2		-1.500E+0		-4.296E-10		
5.003E+2		-1.550E+0		-4.104E-10		
5.007E+2		-1.600E+0		-3.325E-10		
5.011E+2		-1.650E+0		-3.927E-10		
5.015E+2		-1.700E+0		-3.214E-10		
5.019E+2		-1.750E+0		-2.516E-10		
5.023E+2		-1.800E+0		-2.883E-10		
5.027E+2		-1.850E+0		-3.465E-10		
5.031E+2		-1.900E+0		-3.888E-10		
5.035E+2		-1.950E+0		-2.982E-10		
5.039E+2		-2.000E+0		-2.807E-10		
5.043E+2		-2.050E+0		-3.139E-10		
5.047E+2		-2.100E+0		-3.424E-10		
5.051E+2		-2.150E+0		-3.794E-10		
5.055E+2		-2.200E+0		-5.074E-10		
5.059E+2		-2.250E+0		-6.955E-10		
5.063E+2		-2.300E+0		-8.849E-10		
5.068E+2		-2.350E+0		-1.441E-9		
5.071E+2		-2.400E+0		-1.478E-9		
5.075E+2		-2.450E+0		-1.854E-9		
5.079E+2		-2.500E+0		-2.076E-9		
5.083E+2		-2.550E+0		-2.531E-9		
5.088E+2		-2.600E+0		-1.651E-8		
5.091E+2		-2.650E+0		-1.493E-8		
5.095E+2		-2.700E+0		-1.741E-8		
5.099E+2		-2.750E+0		-1.801E-8		
5.103E+2		-2.800E+0		-2.020E-8		
5.107E+2		-2.850E+0		-1.875E-8		
5.111E+2		-2.900E+0		-2.105E-8		
5.115E+2		-2.950E+0		-2.561E-8		
5.119E+2		-3.000E+0		-2.857E-8		
5.123E+2		-3.050E+0		-3.504E-8		
5.127E+2		-3.100E+0		-2.824E-8		
5.131E+2		-3.150E+0		-3.165E-8		
5.135E+2		-3.200E+0		-3.654E-8		
#Sweep: 010
5.139E+2		-3.200E+0		-3.837E-8		
5.143E+2		-3.150E+0		-3.317E-8		
5.147E+2		-3.100E+0		-3.435E-8		
5.151E+2		-3.050E+0		-3.546E-8		
5.155E+2		-3.000E+0		-3.608E-8		
5.159E+2		-2.950E+0		-3.273E-8		
5.163E+2		-2.900E+0		-3.130E-8		
5.167E+2		-2.850E+0		-3.133E-8		
5.171E+2		-2.800E+0		-2.968E-8		
5.175E+2		-2.750E+0		-2.820E-8		
5.179E+2		-2.700E+0		-2.824E-8		
5.183E+2		-2.650E+0		-2.678E-8		
5.187E+2		-2.600E+0		-2.577E-8		
5.191E+2		-2.550E+0		-2.868E-8		
5.195E+2		-2.500E+0		-2.798E-8		
5.199E+2		-2.450E+0		-2.708E-8		
5.203E+2		-2.400E+0		-2.383E-8		
5.207E+2		-2.350E+0		-2.040E-8		
5.211E+2		-2.300E+0		-1.929E-8		
5.215E+2		-2.250E+0		-1.736E-8		
5.219E+2		-2.200E+0		-1.605E-8		
5.223E+2		-2.150E+0		-1.278E-8		
5.227E+2		-2.100E+0		-1.280E-8		
5.231E+2		-2.050E+0		-1.150E-8		
5.235E+2		-2.000E+0		-1.150E-8		
5.239E+2		-1.950E+0		-1.052E-8		
5.244E+2		-1.900E+0		-9.897E-9		
5.247E+2		-1.850E+0		-8.837E-9		
5.251E+2		-1.800E+0		-8.536E-9		
5.255E+2		-1.750E+0		-7.867E-9		
5.259E+2		-1.700E+0		-7.378E-9		
5.263E+2		-1.650E+0		-6.657E-9		
5.267E+2		-1.600E+0		-6.204E-9		
5.271E+2		-1.550E+0		-5.236E-9		
5.275E+2		-1.500E+0		-4.844E-9		
5.279E+2		-1.450E+0		-3.968E-9		
5.283E+2		-1.400E+0		-3.524E-9		
5.287E+2		-1.350E+0		-3.108E-9		
5.291E+2		-1.300E+0		-3.251E-9		
5.295E+2		-1.250E+0		-2.605E-9		
5.299E+2		-1.200E+0		-2.444E-9		
5.303E+2		-1.150E+0		-2.131E-9		
5.307E+2		-1.100E+0		-1.852E-9		
5.311E+2		-1.050E+0		-1.452E-9		
5.315E+2		-1.000E+0		-1.324E-9		
5.319E+2		-9.500E-1		-1.630E-9		
5.329E+2		-9.000E-1		-9.577E-10		
5.331E+2		-8.500E-1		-8.156E-10		
5.335E+2		-8.000E-1		-7.690E-10		
5.339E+2		-7.500E-1		-5.801E-10		
5.343E+2		-7.000E-1		-4.012E-10		
5.347E+2		-6.500E-1		-3.316E-10		
5.351E+2		-6.000E-1		-2.576E-10		
5.355E+2		-5.500E-1		-1.681E-10		
5.359E+2		-5.000E-1		-1.104E-10		
5.369E+2		-4.500E-1		-7.609E-11		
5.371E+2		-4.000E-1		-6.576E-11		
5.375E+2		-3.500E-1		-4.937E-11		
5.379E+2		-3.000E-1		-3.473E-11		
5.383E+2		-2.500E-1		-2.601E-11		
5.387E+2		-2.000E-1		-1.151E-11		
5.391E+2		-1.500E-1		-4.177E-12		
5.395E+2		-1.000E-1		-3.217E-12		
5.399E+2		-5.000E-2		-3.712E-13		
5.403E+2		0.000E+0		8.638E-13		
